name,id
Abas Agaba,d62eb222-190e-49a8-9b09-21ad56bf8581
Abdi Fadhil Kisos Chemaswet,00d0aa4b-1f16-40e0-8190-e208a1101c37
Abdi Fadhil Kisos Chemaswet,672152be-576f-4c1a-aedc-3965474b044d
Abdu Katuntu,7efd0810-6efe-4ef1-8b1a-a7ee2db83ee2
Abdu Katuntu,c99d060b-175e-4d41-94d7-ef8f343aaca0
Abdu Latif Sengendo Ssebaggala,0655a09d-f661-4829-b1e1-7a1a1d2acd76
Abdu Latif Sengendo Ssebaggala,e1aad89c-208e-48e9-885a-253be2e9fc9d
Aboud Kitatta,1f7bcea3-68e1-4728-a9c5-66ac4cbc2b0f
Aboud Kitatta,4b600479-b4b3-43ac-a3b6-9b0dacd40e43
Abraham Byandaala,2ac311b6-7b4f-4fbb-bd8c-27da8ba2b11c
Abraham James Byandala,2ac311b6-7b4f-4fbb-bd8c-27da8ba2b11c
Abraham James Byandala,b336d0e4-8248-4d8b-a328-74b2cc250410
Abwooli Tomson Kyahurwenda,347cc978-d5f0-4537-9658-a90e6e416bb0
Adison Kakuru,5f03c38f-db6c-476b-94a9-4d48d2d455ef
Adolf Kasaija Mwesige,12e691d3-e0c0-4752-a1de-c075fb8180e5
Adolf Kasaija Mwesige,bcfa7c3e-680c-4962-9ce0-f6351957a40e
Adolf Mwesige,12e691d3-e0c0-4752-a1de-c075fb8180e5
Aggrey Bagiire,2c4f9d45-f051-4404-a53b-fa1f49354060
Aggrey Henry Bagiire,32e15351-6faf-4cca-ae52-13954483db96
Agnes Akiror,40f7b261-76e0-4944-97b4-1865067f349a
Agnes Ameede,1c2a802d-235c-4665-b9a0-cf53197ac270
Agnes Egunyu Akiror,40f7b261-76e0-4944-97b4-1865067f349a
Agnes Egunyu Akiror,71b97d70-c955-488b-9513-f4650777e193
Agnes Kunihira,58306424-0731-4bc0-9a41-48df363b6c51
Agnes Nabirye,46693acf-9935-40b2-b9ac-03f1f75379a7
Agnes Nabirye,b6b3483d-6dc3-4b4e-b762-ade102157a77
Agnes Wejuli Taaka,3780e89d-dcd4-41f1-bae8-17e2c328e726
Ahmed Awongo,90f6786f-acd1-45a0-9ec1-6167e7be1e2e
Ahmed Awongo,c1b41564-2932-45de-9545-8b4728b38077
Aidah Nantaba,0098f5ca-0cb0-4aaa-a54f-7f18a41e386a
Aimat Peter Lokeris,5da75bfc-b0ba-4e5b-b2cf-814c75a387ff
Aimat Peter Lokeris,d9138a06-0c2a-4128-8bc9-11f0b0f5f558
Aisha Ssekindi,eb9cc7ec-0ca0-4e3d-ab88-59bd2e056f9d
Akisoferi Michael Ogola,5bd6700b-3231-4151-a1b9-731c227dcaae
Albert Charles Okello Oduman,5e9d2d89-7d55-44c5-9c95-567c9ae96d09
Albert Lokoroi,ae2287c0-eaa5-40d9-a883-d2e156983aac
Alex Bakunda Byarugaba,442ca0b0-0654-4502-a746-5a367e94910b
Alex Bakunda Byarugaba,d467b8bd-7211-479b-ba66-e276724ce624
Alex Kamugisha,e4816f80-d91e-4768-9612-90ac2ce0f3e6
Alex Mungoma Musingo Burundo,c252e3e1-697c-4858-a654-bd14fac73f48
Alex Ndeezi,35b0fd49-1df3-458b-ab58-089c14adf3fd
Alex Ndeezi,58a18e9b-6f56-4bde-bbbb-7173a1fc7e45
Alex Okot,511fc32c-dc84-441f-b043-7ad1358b9a49
Alex Onzima,39cd0a76-8a19-4e1e-ac6e-5a8903f6e84b
Alex Onzima Aadroa,39cd0a76-8a19-4e1e-ac6e-5a8903f6e84b
Alex Onzima Aadroa,834f4f13-5c65-4239-b35e-87bffd016d8e
Alex Ruhunda,0beeb3d8-5459-4ac8-892b-e0c7744887a0
Alex Ruhunda,c02b9517-1107-4fc3-90f0-ca4eb8af055b
Alice Asianut Alaso,a50f2f2a-062d-4fe7-8d89-2cbfbe2a3b54
Alice Asianut Alaso,dfc75d46-0ebe-4ef2-a9ed-be6d0b67e177
Allan Ssewanyana,831e50fc-de7e-4ea8-a43c-965dbc18bb78
Amama Mbabazi,8fa89819-6bec-438f-9b29-a4dbfcfb4e79
Amasi Pataki,9e59cbb5-7db7-47bb-ba5e-a79c4e528f2c
Amelia Anne Kyambadde,55b48caf-3df8-4bec-8948-c89b4915773e
Amelia Anne Kyambadde,c43257be-7483-4c6b-8b37-3b96847e9fd6
Amelia Kyambadde,55b48caf-3df8-4bec-8948-c89b4915773e
Amon-Reeves.M Kabareebe,ff1ad2ee-57b1-4741-8ac3-070a3e8dc405
Amos Lugoloobi,73b1e02e-666e-4611-9d93-f6714c30c61e
Amos Lugoloobi,7fc1b51f-7f08-4ad6-b2b7-0f485801ebae
Amos Mandera,489d73fa-ab6a-4f6d-856e-fcb96b2ad699
Amos Mandera,5f1955b8-eb91-4b99-b901-3c7ecfff0411
Andrew Aja Baryayanga,3576acc9-481c-494b-b4c5-51862b99007b
Andrew Aja Baryayanga,884e0cd0-b131-4e1e-87fe-2a4b9b8ff081
Andrew Allen,67cfc646-33f5-420a-a668-af3ab796c196
Andrew Allen,efeb0f9e-feac-44ee-8653-32c999bb451d
Andrew Baryayanga,884e0cd0-b131-4e1e-87fe-2a4b9b8ff081
Andrew Gutti,1bbba6d1-16e3-4fda-899b-5de2b11af384
Andrew Kaluya,5a3b08e7-6341-4be6-83e1-d4af981386ee
Andrew Kaluya Kiiza,5a3b08e7-6341-4be6-83e1-d4af981386ee
Andrew Martial,beff97b8-5ca9-42fc-b0a9-2cc403196134
Angelline Osegge,c8031709-d884-43e1-8f4a-aa4217737346
Angelline Osegge,f190ad0a-26d4-4a73-84d7-1d4cd5b25beb
Angupale Aanimu,508222d5-169d-424a-a5b5-93fbdf03b300
Anifa Kawooya Bangirana,5d40efb0-89b9-4f0f-a3ed-415dc6ca78d0
Anifa Kawooya Bangirana,945d2bfe-906c-4f8c-b369-c0ae7e9f0610
Ann Maria Nankabirwa,8245b4a0-a69c-4545-961d-e61b62fab563
Ann Maria Nankabirwa,9be4ffa6-523d-4074-a8e8-5f1fae26ec54
Anna Adeke Ebaju,336fc150-f14c-43f9-abe9-35fc8985ad93
Anne Auru,5efea291-68eb-4306-b279-31ab8ce2429c
Anne Auru,d743c0e4-a04c-4294-ad6f-bd4468d1d635
Anne Mary Tumwine,44b9b4f1-cedb-4aee-8c92-de97bdbf1a61
Annette Mukabera,c3d03791-3f8b-4077-a42d-837c0b66689f
Annie Logiel,4721d2a0-3e22-4fe7-9d1e-debb4ab8da71
Annita Annet Among,6a925516-82f8-45f7-a69b-059083e25fc2
Anthony Akol,fab1b36d-7a25-4bbd-8603-9afa888de022
Anthony Harris Mukasa,5deb624f-149d-499a-8768-bceb0c1c83be
Anthony Okello,19339ade-17a8-40af-a6a1-7ed1a68e25b3
Anthony Okello,deb681f4-8a13-4910-bc98-aa7467623b63
Anthony Ssemmuli,470d54a4-3ab1-4647-a576-a0aa4282033f
Anthony Ssemmuli,ac6d07a8-a68f-45d1-8c52-2d6d9c490cf1
Anthony Yiga,80e79540-2f06-42ab-a9a3-a4dbfd74b87b
Anywar Beatrice Atim,0a270996-670f-47c6-8241-256e8c72538c
Anywar Beatrice Atim,2fcddb69-63a5-46f7-ae2c-057ea385a66c
Aparite Paul Lokeris,c7d25e6e-a28a-4ea0-aa1b-832f86647b15
Apollo Katinti,1d062ad0-78ec-44ea-bddd-a598c53e4832
Apollo Masika,68f72889-3e65-49d2-b7f5-dbbfabc6d305
Apolo Robin Nsibambi,a7c632e3-89ad-4a7f-9b1b-34c82e3a25db
Aporu Christine Hellen Amongin,209e09e4-9e23-47ab-b772-055ef55cdfb6
Aporu Christine Hellen Amongin,791ca6cc-1f84-4ff5-afee-5cf22abf9163
Araali Henry Basaliza,a21033c0-c948-48ff-a06e-033faab47ba4
Ark Lodou Ael,5d5c541a-6f75-4072-b598-8ac9747d92c2
Aronda Nyakairima,c1a16ef2-c93c-4a54-b509-40f70fe911cd
Asanasio Kayizzi,2b29bb92-b147-4187-bd1f-65c7e6afabdd
Ashraf Noah Olega,b7b4048a-5914-4870-b816-c1e5ecba7075
Ashraf Olega,09cbe9f8-581f-48fb-bf04-5724244419c8
Aston Kajara,1e6879e4-880b-403e-b8cf-da1a8fee30da
Aston Peterson Kajara,1e6879e4-880b-403e-b8cf-da1a8fee30da
Aston Peterson Kajara,b9053702-505c-41f5-bfe0-03ae060302b6
Asuman Kiyingi,0841802e-9f76-401e-b0ea-a2cf9ece2206
Asuman Kiyingi,ca4263d4-b781-43e1-a468-cf91d0300394
Atuku Bigombe Betty,1cf1feba-42fe-4c74-8bda-514ebcfde5c8
Augustine Ruzindana,50700021-44c1-4e5e-9174-e2cc079edc16
Avitus Tibarimbasa,5620c51e-e826-4905-8c1e-54b7ee83d62b
Awor Betty Engola,03cf8407-5835-40c2-a598-22fb1d4650ce
Awuzu Andruale,6f11e93d-33f3-4c03-b69b-8dc37e4d3a9e
Ayumu Jovino Akaki,f09aa912-b332-4004-868b-6a0d2dd4efa0
B'Leo Ojok,a4f7a2a0-61b3-4e4d-ad1d-1c91bd9fd6e6
Babiha Jane Alisemera,0665d7e1-7f64-446e-9ab1-5eb3fd550db4
Badhul Katongole,c98165e2-e440-4285-9eb0-d13aad8699ca
Bagaya Grace Bukenya Tubwita,72cdd3c1-4644-4e1b-81f3-4eaec15c999c
Baker Ssali,04007f02-1cef-4c34-a147-8d02cff1a389
Baker Ssali,f4156ba7-ba4d-40c1-98a5-00d2f91dea3f
Bakoru Zoe Bakoko,b983b7ee-ad64-4836-a701-11a48150bcd7
Balibaseka Gilbert Bukenya,21bb3f66-4105-4eec-a5e5-05241d3ea1bb
Balibaseka Gilbert Bukenya,70798a0b-9257-4e81-8638-e316d5dbc21e
Baltazar Kyamanywa Kasirivu-Atwooki,9a0cf10d-e534-40a3-9fc2-d3eea61b1048
Baltazar Kyamanywa Kasirivu-Atwooki,e0d15286-51bf-4e5b-9627-05ce31d27013
Balunzi Janat Mukwaya,a2b4640d-97f9-4fb5-a1e6-962ee07bc556
Barbara Oundo Nekesa,477ae1d5-ef35-4153-807c-905f6177c40d
Barbara Oundo Nekesa,79ea9856-2180-41c2-b85e-36f2537d2a6a
Barnabas Ateenyi Tinkasiimire,7a2946b6-cb3f-47e9-8b47-eb445c01da72
Barnabas Ateenyi Tinkasiimire,c30f26df-2c7c-467d-8456-b3c4e1cc42d7
Bbosa Kenneth Joseph Kiyingi,308e7a86-ed7e-41b5-a39d-c465d66692b8
Bbosa Kenneth Joseph Kiyingi,df1d6c6c-4336-41dd-9ffb-b95ba23c6b18
Beatrice Atim Anywar,0a270996-670f-47c6-8241-256e8c72538c
Beatrice Lagada Amongi,ae43fedb-9a83-44cc-ad1a-59bbc8878417
Beatrice Mpairwe,68b985b5-5588-4a64-82a1-27bb5cec1c6e
Beatrice Mpairwe,96f69413-14ed-4dce-b8fd-127c716b3b2e
Beatrice Rusaniya Namala Barumba,3b685235-5476-417d-ad09-aa9fb7d9678c
Beatrice Rusaniya Namala Barumba,49dbb050-63c7-41ae-84e8-2b01c0e2e2ea
Beatrice Rwakimari,eca85415-2975-4070-983e-afcb6bb13ce0
Beatrice Rwakimari,f7d1a8f5-7914-4a1c-8db1-c68135e8c68c
Ben Wacha,47c229c0-01ab-4b3e-810e-a3ddd6809870
Benard Atiku,28eb43cb-ffef-4c9d-8289-cc51bb72f385
Benard Atiku,2ae0e8f3-f09b-4136-8fdf-0b2b533ff06d
Benard Mulengani,52cba282-54a4-4e92-98e2-ba0471ecaf22
Benedict Etonu,bfef8e99-ee5e-4ab0-9a7d-3e9e3a92d79e
Benigna Mukiibi,996355e3-2fb0-433c-9e5d-278c3c56b484
Benjamin Cadet,6bf3fc04-0061-4395-b08f-0c3cc32ae58f
Benjamin Cadet,9d1840ec-70a4-4acc-8c0b-4b97e817045d
Benna Namugwanya,f303f7cc-1fca-4ed3-b2ee-a73b37dd74c5
Benny Bugembe Namugwanya,ee2b3454-b6fb-4c1d-893c-d278a52161f1
Benny Bugembe Namugwanya,f303f7cc-1fca-4ed3-b2ee-a73b37dd74c5
Beti Olive Namisango Turwomwe Kamya,459bbb81-06e9-4f4f-b84a-b14ae9550d41
Betty Ahimbisibwe Mbabazi,85099b33-4351-4ae1-af6e-7833a6683440
Betty Ahimbisibwe Mbabazi,96e8cfc5-32ca-4abe-819d-f87bb99f103a
Betty Amongi,c7d7bfd5-1b90-4d2c-955e-f1298aa39066
Betty Ocan Aol,69e7b935-9529-43de-ad04-3d20be72db91
Betty Ocan Aol,7def91bb-b98e-458d-8aca-5ebfb2805f9b
Betty Ongom Amongi,3ad89e41-5234-4452-afe9-867456aaa3ad
Betty Ongom Amongi,c7d7bfd5-1b90-4d2c-955e-f1298aa39066
Bihande Yokasi Bwambale,42263ee6-6ae3-45f4-9b92-e790547f5dfa
Bihande Yokasi Bwambale,f8be1375-eac1-4201-b9a9-5c91b8cedb29
Birungi Beatrice Kiraso,235f6d69-0e26-4a07-9099-58afd7252458
Birungi Carolyn Nanyondo,890b0189-a39b-4c3b-940c-4e4048ea1bc9
Birungi Carolyn Nanyondo,af60fb6e-8c29-4b6d-9d35-839e629c9f5d
Bitamazire Geraldine Namirembe,12512650-9110-470b-a956-a8945da1c647
Boaz Kafuda,313cd7e3-37ed-4d83-a183-7431b6f93986
Boaz Kafuda,49e439c0-834f-460d-95af-e37f8e6a0767
Boaz Kasirabo Ninsiiima,ce64267a-3fd8-4ba8-b922-70641a2889d7
Boaz Ninsiima,ce64267a-3fd8-4ba8-b922-70641a2889d7
Boliba James Baba,4cb43bab-faf4-4ee4-b9e9-8bb64d803b42
Boliba James Baba,f5608363-8c9e-4cc0-b9a4-1c68d4ce5956
Boniface Desales Okello,a3f864c4-35c3-4172-a3ea-3cd5326b4c66
Brenda Nabukenya,64b059b3-037b-4f34-af4e-562ac19d643b
Brenda Nabukenya,7af6bcf1-1f23-4d60-917b-828871ebfc56
Brian Chris Asiimwe,b84bfd74-5986-468d-90ff-6aa51e694724
Bright Kanyontore Rwamirama,288853dc-61df-4025-bc76-f7ce52aecbe4
Bright Kanyontore Rwamirama,c7125835-2b33-41d4-9e81-02ea46b518c2
Bright Rwamirama,c7125835-2b33-41d4-9e81-02ea46b518c2
Bruno Pajobo,7cc1f89d-a7e0-42ae-96a0-6b7e7063848d
Bulima Wilberforce Nabwiso,bf5488ee-3a15-441b-be16-e30cf682de4d
Bwambale Harold,4c6a1dcc-a014-49a7-bab0-bd5c19c5c9bd
Bwambale Loyce Biira,cd498993-c253-45d3-b177-79322f9636d8
Byakatonda Janat Namuyangu,5ddb2ceb-14e4-4b77-a135-66e9f2a52086
Byaruhanga Philip Bazaale,5cde0c2c-3c77-415f-8f0a-6c5afdcffe85
Byatike Matovu,048c7ba5-d387-4a0c-b010-c23770b050f7
Capt. Evelyn Assimwe,c9f21a18-4280-4d87-92f6-5fc23bbd23e9
Capt. Suzan Lakot,b550c875-e797-4ec9-8d22-75dec1d3c3eb
Caroline Okao Amali,4cdf8aa7-b64e-4b1b-995d-73d69811d718
Caroline Okao Amali,cba0bc71-e9dd-4fa7-af38-7f7bf7e7dd9b
Casbert Abigaba,1e764277-5462-4d29-97cb-edd35aeb9d1d
Catheline Atwkiire Ndamira,d07e39c4-40d7-4b2f-ac60-22df374a7326
Catherine Lamwaka,217fa5c5-f62a-421d-bd1a-edc78b74c341
Cd Oketayot Lowila,b392ac8b-2fcd-443b-aea4-496b39d8bed3
Cd Oketayot Lowila,b9439c0e-4d57-425b-a2ba-91137c23bff7
Cecilia Ogwal,40177b13-fcef-4b8e-b7c1-6248d587dd05
Charles Angina,1033d682-6858-4259-afee-d1009fc425c3
Charles Angina,b0491947-a005-471f-a397-ea8f26e492f2
Charles Angiro Gutumoi,9fc9fcb4-a359-4f6e-8e47-73b919456a6a
Charles Bakabulindi,606167d9-2923-4aee-a20f-d47deb2fcdfd
Charles Bakabulindi,97ea981b-f358-4ed8-8690-1c3ebbafe00a
Charles Bakkabulindi,97ea981b-f358-4ed8-8690-1c3ebbafe00a
Charles Byaruhanga,b819a194-9581-4945-9082-ff5f04bb9288
Charles Engola,3855edee-a54e-4eda-9e1d-1aaa19718eab
Charles Ilukor,2ac9dd25-ed32-454a-bddf-85e60314b9fc
Charles Ngabirano,41c23c70-cbf7-4f02-9fba-5fc0d06bd3e5
Charles Ngabirano,ab0bf20b-a867-462b-9d3a-e1a258cac483
Charles Ojok Oleny,a25e668a-381e-4e5f-b7ce-b8d28e0ec479
Charles Okello P. Engola Macodwogo,3855edee-a54e-4eda-9e1d-1aaa19718eab
Charles Peter Koluo,1161f7c7-12ff-421d-af98-580fee84fee4
Charles Willy Ekemu,770ecf6a-136e-4d87-a944-d2b804c7650f
Chelangat Everline Tete,966d47af-d7a8-4bf8-90c6-db85ef1575cc
Chelangat Everline Tete,f9c16ae1-b820-48ed-936f-e270b4edbcff
Chris Baryomunsi,b6d9f4b3-d209-4b06-ad8b-823ccb0dd7ef
Chris Baryomunsi,c3636777-033e-4ca8-83d1-e473750f81d3
Chrispus Walter Bazarrabusa Kiyonga,00d56d3e-0ee8-4857-a5da-c7a8e692ecd2
Chrispus Walter Bazarrabusa Kiyonga,3105ea56-d3d4-453d-9853-0e7af1028e4b
Christine Abia Bako,603d19dc-0cb4-47d7-bcb2-aaef8deb8a72
Christine Abia Bako,806afc49-f104-409a-86c5-337e7a4c697b
Christine Acen Ayo,792956cb-9235-4d29-9921-7ccf460492ea
Christine Amongin Aporu,791ca6cc-1f84-4ff5-afee-5cf22abf9163
Christine Cwinya-Ai Acayo,297a641a-3a17-4ad6-9142-f51329f1cdba
Christine Cwinya-Ai Acayo,ee8127fd-c426-444c-840f-b3c9d94ec87d
Christine Tubbo Nakwang,df226bdb-2b7f-46e9-a74c-f956193da7f9
ChristineTudo,563ea22f-ee65-4718-9982-3570b503d88d
Christopher Acire,3c9fba6a-8fa5-4a5a-9280-2005bbaa19b4
Christopher Acire,dcbd419c-7628-4b9b-9826-fa13c336d48c
Christopher Kalemba,de0a6ddf-01ba-4f19-a02b-a797a327a446
Christopher Kibanzaga,3cdb198f-fa9c-4228-828e-f58fbaf14a39
Christopher Kibanzanga,3cdb198f-fa9c-4228-828e-f58fbaf14a39
Christopher Kipterit Akorikimoi,5a15929b-18f8-4d6e-a637-53b1bc019068
Christopher M. Kibanzanga,988b2f17-8bff-407b-9a86-7de750d57b52
Christopher Mbalibulha Kibanzaga,3cdb198f-fa9c-4228-828e-f58fbaf14a39
Cissy Dionizia Namujju,e7bfee83-62c9-44fa-a0cf-6b364a6d0553
Col. Felix Kulayigye,25c87581-6af8-4e03-9b19-2a82e53af7ec
Col. Francis Takirwa,adef5f99-c15c-43bf-ba6c-d43ebb62ce2c
Concy Aciro,5ff1a4fb-76ec-4d83-84e9-d60de8e4ffed
Connie Galiwango Nakayenze,57fbae84-eabb-4a4a-9e4c-6262154a3384
Connie Galiwango Nakayenze,e1596125-bed0-4aea-91a4-50eedd660fe8
Cos Bataringaya Kamanda,484ca9a8-ee7f-4363-9657-30428aee2073
Cos Bataringaya Kamanda,6dbf44eb-4f0f-45b5-b40c-6f18e9f90a28
Cosmas Elotu,d794580f-a6ed-4b76-95f3-1f3c230501d0
Cosmas Mafabi W. Busima,e1061d3f-01bd-4c8a-b3a6-80ed43e59d24
Crispus Kiyonga,3105ea56-d3d4-453d-9853-0e7af1028e4b
Cyrus Imalingat Amodoi,4cb434e5-fe03-421e-9b8a-a621974762df
Cyrus Imalingat Amodoi,cffe8109-6548-466b-8e86-bd104e09bd14
D. Alex Penytoo Oceng,f06028d8-2b7c-4e60-b30d-41ae93b95475
Daniel Fred Kidega,405cb5c1-5203-4d45-99b3-b2aa21320726
Daniel Muhairwe,e9e5f0fc-1fb1-4f21-9ea2-ac6ddd7d1960
Daudi Migereko,15131a9e-716f-457d-a84d-9991f0af50ce
Daudi Migereko,248b9d46-f841-42df-bcf0-a26befdf6e3a
David Abala,61857846-f1eb-409c-9468-0723ff89e9fb
David Bahati,f4b28bb4-2dce-4c62-823c-393ff0393532
David Bahati,f9957e59-9879-4b0e-9b49-192af230dd61
David Ebong,ec1bfd63-0f3d-49b1-9a7a-2fa485d8f6ba
David Guma Gumisiriza,bf6039c8-b1be-4011-bd05-26215337a731
David Kalwanga,f52bdcc5-aea8-46ef-96f3-d02646a7f5e6
David Karubanga,5d795867-7558-4521-9a0d-99b3e0095c99
David Martin Orech,726ef254-9db9-4978-8ad8-53a997372040
David Matovu,a0613282-c3d3-4145-9dc9-6cac53072c7a
David Muhumuza,59e87b24-7e21-45ef-83db-86dee64cfdf7
David Muhumuza,b7ce76a8-0ea9-47ce-a7ba-95a4b2f83945
David Ochwa,450da067-17c6-4356-9ae9-15ab1d5e135d
David Ochwa,b79ec035-8f79-4d4c-a215-7699287da05e
David Ronnie Mutebi,27bdf550-55ed-45a1-8625-af8e333c2b7a
David Sejusa,551559c2-3973-49b0-ac0b-b5477d685fb8
David Wakikona,8bdfb839-11a5-4162-9f89-cb207e4fafa6
Denis Galabuzi,2fbf6535-47cc-479d-b2d7-3e7cb6036364
Denis Hamson Obua,0d99eff8-6a12-40a1-8978-03ff32a9447b
Denis Hamson Obua,bc69c497-052a-4c23-be60-bef3c1d02631
Denis Sabiiti,af3d8644-1b8a-45da-b925-5cfaa0b97111
Dennis Galabuzi Ssozi,2fbf6535-47cc-479d-b2d7-3e7cb6036364
Deogratius Kiyingi,64664cd2-808f-4a51-89e5-c6e774c8395e
Deogratius Kiyingi,d899acde-dd21-4c31-a7d8-8752afb3a38a
Didi Agard,122da3a5-4ac9-4f85-b8f7-65f5a104700d
Dinah Grace Akello,83b089bd-8348-46a9-a2fc-d5a70ebf076e
Diri Margaret Baba,4ebb2ab5-596d-4946-a3c7-7db3aefb81ee
Diri Margaret Baba,697f141e-2f50-4ee0-8e07-3692e2428530
Donozio Kahonda,1b3cc4b9-1ced-48f8-9b89-48e28e614689
Dora Byamukama,27f5563f-da5f-444f-a558-5ed0b85e9b04
Doreen Amule,3591dfd7-8e9a-4294-9572-56b96e144b76
Dorothy Christine Mpiima,2fa2fc3a-b9e9-4d77-b6c3-775d422b0261
Dorothy Christine Mpiima,ebebc0fc-13b5-4a81-8908-1661d78334a9
Dorothy Kabaraitsya Nshaija,13053701-bbdb-45be-a9da-d89108ab5c91
Dorothy Kabaraitsya Nshaija,e68e3ed3-c213-4c59-9e59-021b463f9a3d
Eddie Wa Gahungu Kwizera,a8097f55-d815-4539-b0a3-ca9ae53fb6f2
Eddie Wa Gahungu Kwizera,dabdaa0f-e149-46a9-9c4e-04baeb847b72
Edward Baliddawa,30242c9a-9d04-4f98-9753-4f7a225aac34
Edward Baliddawa,779ef5ed-fe0f-4e15-ba62-0f55a7a47ba7
Edward Francis Babu,5aca5dea-bd9b-4a32-ab17-d308b5db59cb
Edward Kiwanuka Ssekandi,1e295a80-f818-4866-9936-4ddc2be0dce5
Edward Kiwanuka Ssekandi,7c91ccc9-c837-4a5e-b2e9-86c1725ad207
Edward Otto Makmot,9f784bc9-e33c-47e3-82e8-1b21febeaf98
Edward Sembatya,e96a5431-191f-4f84-8189-347b84119832
Edward Ssekandi,7c91ccc9-c837-4a5e-b2e9-86c1725ad207
Elijah Okupa,993d1728-5a45-4294-a274-53ab39e82378
Elijah Okupa,f9023e47-ea36-4c08-9f13-49131e535ebb
Elioda Tumwesigye,9faa9a4b-982a-44d0-bbb3-fbcae22642cf
Elioda Tumwesigye,f076587e-24ea-4ca1-8623-5832654c4624
Elizabeth Karungi,0a045bbf-4b55-42fb-a7ce-a12e233aca3a
Elizabeth Karungi,2b2c09cc-5e23-40da-94b8-b7df16037f3a
Elly Elias Asiku,5642344c-560c-43b9-ae04-baf2e71681e1
Elly Kayanja,f4cb1889-315d-4f36-99fb-3c6945e8a681
Elly Tuhirirwe Tumwine,04ee2880-2ea5-4bb6-a6d8-00ad85841f99
Elly Tuhirirwe Tumwine,23e1ccc2-4234-480c-840b-1b21baad51a6
Elly Tumwine,23e1ccc2-4234-480c-840b-1b21baad51a6
Elyanu John Eresu,8d66f5a1-556f-40e3-937c-0dd1531d1168
Emanuel Kalule Sengo,9e2b2b5b-d148-45a0-9954-5fe5abce0c0e
Emma Boona,513f94e4-78fe-4190-9473-c812de6e86f2
Emma Boona,cd26d45f-3924-45e9-988b-67746670d9da
Emmanuel Lumala Dombo,0cc75a79-578b-4a9a-aba7-8b57ac97ccab
Emmanuel Lumala Dombo,c192e1b7-1329-4314-9161-7a5347fa26ac
Emmanuel Ongiertho,2e4cbddb-5cf5-4c90-9b5a-4dbd9d6eba18
Epak Yefusa Okullo,09d48bed-0ec2-49f8-91c6-749b234920b3
Ephraim Ganshanga Biraaro,10563c77-0030-4220-945e-0c0fd157b63d
Ephraim Ganshanga Biraaro,ee0d6c37-514e-44d0-a9e1-59a457ad6027
Ephraim Kamuntu,b9d734be-a244-4362-8353-cd1dfb9b9faf
Ephraim Kamuntu,c6b27979-8e5a-43d2-879d-eac12dfe850b
Erias Lukwago,b3434c36-3273-4e6a-9b70-e4d252152acc
Eric Musana,5fb6a267-7d69-4fc8-a97f-721e16bf5a4c
Erisa Ammoti Kaahwa,664ed455-8910-4647-869b-f95fa42de9c7
Eriya Kategaya,f7e9bc42-dcb1-45ab-80a9-8a407f5a3b59
Ernest Kiiza,f5ad9774-e1c5-481e-8740-c84be654f347
Eron Janet Nantume,0d475319-ac4b-4c8f-9812-70605741f6be
Esther Davinia Anyakun,b00ec112-c064-4c8c-811d-07dcdd7e3832
Esther Mbulakubuza Mbayo,3a30668c-6139-426b-85a8-b6871e384b77
Eudia Kwizera,5c0363af-29fe-487d-8a43-a07e6f23198e
Evelyn Anite,d464bb17-ef56-49aa-ba81-249218cbb008
Evelyn Anite,fd030afc-2bd5-49b6-9972-d1d667a093da
Evelyn Kaabule,7e513b2a-6ad0-4d38-8858-4be3ef3327ae
Evelyn Naome Mpagi N. Kaabule,7e513b2a-6ad0-4d38-8858-4be3ef3327ae
Evelyn Naome Mpagi N. Kaabule,a4b95e01-af91-47e3-964f-5ae2ee36888c
Everlyn Chemutai,fe4cf567-aaa8-40fc-9bca-96fceaa023ae
Ezra Suruma,01504f6d-6651-4779-9df4-5be8597638d0
Faridah Kasasa Najjuma,852f318e-a29b-4a5f-93ba-e75dbd40a91b
Felix Kulayigye,25c87581-6af8-4e03-9b19-2a82e53af7ec
Femiar Wadada,3029864d-280a-401b-af06-7b63b1188e5d
Femiar Wadada,ac58a119-caa7-4089-a4b6-5269e54bcf8f
Flavia Nabugere,2da743ca-e070-4993-b03c-d8a344af58d5
Flavia Nabugere,8c1101fe-50b8-4859-b729-9b150331384c
Flavia Rwabuhoro Kabahenda,a63f1676-c304-480f-a4c3-a8b2a0cc35e7
Flavia Rwabuhoro Kabahenda,b706bcf8-1b84-4744-a754-88010be9055a
Florence Andiru Nebanda,1fb1c545-3c03-47ce-a835-4093f79d4a96
Florence Andiru Nebanda,8356400d-db66-4403-8de4-1e1f587fd603
Florence Kintu,d09c82d1-220a-4dd2-811d-57a5c4a23aa6
Florence Kintu,e3f03d44-99d7-4ac2-b805-0db2aa3617fa
Florence Namayanja,714b90e0-b33f-4ed8-af55-c3049223ebc5
Florence Namayanja,816155a7-e397-4be4-8607-2ab50ab20be8
Florence Namboozo Wamala,9d92e62e-1aaf-4744-a4ab-d9eaba4f2f38
Florence Sekabira Nayiga,d2d13b1d-df8b-4f1c-b233-c4b9d32be81e
Florence Tibafana Mutyabule,00b7c328-4394-4634-97ab-6cac03f5e1a7
Florence Tibafana Mutyabule,4bcab7d7-ceb9-4cbb-a9eb-86baafe12518
Francis Adamson Kiyonga,ed605850-4654-4b36-aa3c-449d0b6d3f60
Francis Barnabas Gonahasa,dc345ed5-05db-4df5-abc8-255b497227f3
Francis Ben Okello,f46e797e-8a5f-495a-a112-8e9f6f773113
Francis Epetait,3369ab0b-e499-446f-abbd-70dea0de9168
Francis Epetait,33da5a93-8d47-4af2-b741-aa3e16031ba4
Francis Joseph.N Mukama,cad9ce79-50d8-4eef-be8a-f7c47f656ee3
Francis Mukula,04b8b650-7fe5-4b1f-bc5d-b9cde4ad5b51
Francis Mwijikye,294dc4ab-ff2d-4569-86f5-b84f94810b38
Francis Zzake,7bf1353d-d851-4d3b-94ff-8bd6be0b08f8
Franco Robert Centenary,e43d1001-524d-4845-814b-35d2a8e1143d
Frank Tumwebaze,58b556f1-de5c-4ba8-8f22-698f9bdd1b9b
Fred (Col) Bogere,ef858805-be7e-4f91-bf19-f535747a35c7
Fred Angella,8f9e9f04-8e36-49cb-ac85-8ef0a7b838fd
Fred Badda,249ebcc6-3df5-4e07-857e-939556204d13
Fred Badda,82695aa6-7adb-4865-a4bc-103e79cbc6c0
Fred Baseke,d513773e-bc08-43da-b9a4-f04a10bbae32
Fred Bwino Kyakulaga,d2bbcc54-e057-4b89-b6ed-755bcb42214d
Fred Douglas Mwanja Mukisa,be9b89f7-a9bd-48d7-adf9-907b50fed6a0
Fred Ebil,ba9a3bd7-ecbd-4b1a-8408-24cb2473af26
Fred Ebil,c3c1f8d3-5e92-4840-b7a3-b3789262eb4b
Fred Mudokoi,b2df13fa-210e-4a99-b2d6-11aebbc20d1a
Fred Mwesigye,2b91ae9c-abed-49ea-bb88-52bf5aefa3ff
Fred Mwesigye,4b542e96-22e9-4a45-8183-664bac27ee79
Fred Omach,0de8e76e-f582-4f17-b508-d418c128d56e
Fred Ruhindi,808781cf-a49e-457a-a47e-8729f48d299e
Fred Turyamuhweza Tumuheirwa,c33772f2-63c6-4a82-a1ed-c8e70cfda73f
Freda Nanzira Kase-Mubanda,9af1c62f-1751-4199-a641-5133d6eb04ee
Freda Nanzira Kase-Mubanda,dc72129e-91e5-4556-a429-fc5e46601ba0
Frederick Angura,d7d2fd51-d79c-4c05-bc0f-f556dfe2122b
Frederick Ngobi Gume,08b4c874-3452-47f9-b9a8-336ee5a831b9
Frederick Nkayi Mbagadhi,87e78a17-b1ff-41e7-88ea-b6c877f0f3dd
Frederick Nkayi Mbagadhi,cdd4117a-79ca-43b2-bbb7-4fca46d8c753
Fredrick Ngobi Gume,08b4c874-3452-47f9-b9a8-336ee5a831b9
Fredrick Ruhindi,808781cf-a49e-457a-a47e-8729f48d299e
Fredrick Ruhindi,b74b1f7e-5f84-44ba-96ae-4922e4c0d0e8
Gabriel Ajedra Aridru,1f9243ee-1660-4fa3-9bfc-028e53014203
Gabriel Gadison Aridru Ajedra,1f9243ee-1660-4fa3-9bfc-028e53014203
Gabriel Gadison Aridru Ajedra,95481492-a7d2-49fa-9ea6-0e9c0073bfb0
Gabriel Opio,2c40f754-cb3a-4efe-a4ce-884bd4e491c5
Gagawala Nelson Wambuzi,64bdb838-c776-4c85-affd-d1e4a3f6b895
Gaster Mugoya,666ff3c4-4f08-4eb2-8243-a3a2bfbc9abe
Gen. Elly Tumwine,672ab0ac-4210-49df-ab4c-8b4afb93ac34
Genensio Tumuramye,0bd268d3-8c10-4482-a86c-612fe7262936
Geoffrey Omara,62ee963f-daf4-4b74-9292-5fd9994fe01a
Geoffrey Omara,d7b5f849-4fa0-4ab9-a26d-6b5b38cf9e98
Geofrey Dhamuzungu,fd31b379-df15-4794-a8de-c35083e0fb63
Geofrey Ekanya,a5747682-df7d-47a4-8af3-649f34acde6a
Geofrey Ekanya,b9a45340-0928-48bf-9c4d-6ed932270448
Geofrey Macho,b9b6a64f-abbe-46b1-9dac-0d0aa40c4b6d
Geofrey Nabutanyi Watenga,ba37ceaf-1d75-4a8d-86b8-5e203b4159ec
George Abbot Ouma,49e9a9de-dc7d-4495-bdc7-3d5bce16238b
George Michael Mukula,148b06fc-3cc9-4138-8fac-96197be7f081
George Michael Mukula,775444fe-fdbb-4e34-9b56-2deadba4c19e
George Nsamba Kumama,17f9e0a6-2e17-4979-9753-6b266bce13a0
George Stephen Ekuma,cc0bd53a-6090-40f7-9e29-3789fdff6205
George Stephen Ekuma,f7183a0c-ff9b-4502-90b2-ec39b07ee9d4
George William Wopuwa,96c88f80-d8b6-4420-93a3-c6fc04a39a21
Gerald Simon Menhya,89e9fcc2-99be-4d7e-8e98-f85946cb8ff7
Gershom Sizomu,e3fd241f-7966-4687-9356-f86f07e68223
Gertrude Lubega Nakabira,707574c8-b90a-4a38-b01d-04753d4fd5be
Gertrude Lubega Nakabira,c52303c0-950a-4153-8bb0-f7d78d8bf20f
Gideon Onyango,c306e621-4baa-45e9-9233-bb0981076201
Gilbert Bukenya,21bb3f66-4105-4eec-a5e5-05241d3ea1bb
Gilbert Olanya,7f28fa78-a294-4c8e-a919-8f1e5373af92
Gilbert Olanya,8c789aff-418c-4f4e-8456-69befd1748a7
Giw Simon D'Ujanga,54f00009-ec97-41f1-8ae7-18a8db3515ce
Giw Simon D'Ujanga,59ff23fa-3dac-40f9-885b-f19b2f025752
Godfrey Katusabe,b089fdd6-aa68-4cbd-a7b3-75f74c16afa6
Godfrey Kiwanda,c126df5a-9f6e-46e1-8bca-922277e3b88d
Godfrey Lubega,d3405a6b-9979-4550-8a54-8ca2260ad87c
Godfrey Lubega,ebe3dfd7-4f68-4d89-b5b7-36a8c31deacd
Godfrey Onzima,815ea309-6313-43f1-9202-56c538588efd
Godfrey Pereza Ahabwe,4e424b53-0009-49fe-b1b3-cab785c2a29a
Godfrey Ssubi Kiwanda,c126df5a-9f6e-46e1-8bca-922277e3b88d
Godfrey Ssubi Kiwanda,ec9ddde8-6e35-4dc1-9479-18065ccf1ce2
Gordon Arinda Kakuna,00db5dad-f20a-40f7-89d1-d22096b877e0
Gordon Bafaki,0faa8e9e-0e1f-4336-ab05-d391e161d18c
Gordon Sematiko Katende,98c10561-d73d-4e4a-9638-d2b83d4be49c
Grace Freedom Kwiyucwiny,0fffa28b-3d56-4c5b-a3fd-26e241166752
Grace Freedom Kwiyucwiny,db2b25df-5f43-4e3e-816e-f4416d54bba8
Grace Hailat Kawudha Magumba,0b4e59e6-8d35-4940-bb4c-8d3a37076f76
Grace Isingoma Byarugaba,b2edb474-2cfa-44ea-8fef-160a55924e76
Grace Isingoma Byarugaba,d8b63ab3-bec4-4e85-b490-a8a4b3955e0b
Grace Kashaija Ikiriza Kyomugisha,efe50f3a-9634-4963-9879-bf199ade5222
Grace Kesande,3ef2bb11-9fd4-45e6-b836-6d49762379cf
Grace Kwiyucwiny,0fffa28b-3d56-4c5b-a3fd-26e241166752
Grace Namara,414b0efe-69e5-44e4-87f3-6adefad6fd2a
Grace Namara,8502d799-9eef-4cc7-acce-346d6599e89b
Grace Oburu,3932dcf4-d284-46d6-9e29-08239e1a2841
Gumisiriza David Guma,c746f192-1481-490d-9cb0-362921d8a337
Gutomoi Charles Angiro,e55e4902-7740-4d5f-aae2-a0557ae9ab26
Gyabi Fred Bukeni,f5af0ed8-0ee1-4524-b9d4-32ae151b46cf
Hanifa Kawooya,2bea7139-7e55-4a74-89c7-1797ad73ee58
Harold Tonny Muhindo,ad15241c-eb42-4019-9d97-25741fd213b3
Harriet Kagaba,69c9dd3f-2540-40af-b222-2d67a32f81d5
Harriet Ntabazi,4ef70e1e-c2e1-4c09-898d-99aa996837b6
Harriet Ntabazi,be9f335d-8dec-41f9-bd64-461b5609221a
Harry Kasigwa,caf4b7a0-6830-4cfe-8c3e-81c458f50b5c
Harun Kyeyune,b639e4b7-5319-4e62-a972-c216c11db77b
Harun Kyeyune,bed0146a-6c24-4d7f-9cb7-497c452eee5a
Haruna Kasolo Kyeyune,bed0146a-6c24-4d7f-9cb7-497c452eee5a
Haruuna Ssalabaya,961c8835-806a-4707-bd67-33f772af0c02
Hatwib Katoto,ee44c040-8d23-499b-ab05-30ced5d8abf9
Hatwib Katoto,ef534c4f-04e2-4e68-95a8-5045bc7212f5
Helen Kahunde,3d9a20b2-f614-4ad2-bb67-164d97c138cd
Helen Kahunde,645d30b5-896d-48a6-b254-e5e8d313f957
Hellen Adda,eae6827a-f373-4d75-9faa-2afe9b927bd7
Hellen Grace Asamo,6ceddccb-15e7-44f4-b11f-dc098e8cabd2
Hellen Grace Asamo,772c1b56-dfb3-46b5-832a-9889520a95c8
Henry Ariganyira Musasizi,95cb2a70-0d15-4c38-af0d-1ad80bddaa82
Henry Ariganyira Musasizi,bb7a33bb-b0d3-4107-8ec8-48ad38bcd7f0
Henry Banyenzaki,0b93fa55-cecc-4c87-8050-a65fe0f53b0a
Henry Banyenzaki,116a74fb-c759-4db5-9888-e2a0b969c5b2
Henry Joseph Obbo,e2e4cdd7-5b4d-4deb-9338-b8e53668c176
Henry Kajura,624da112-cfce-4958-887d-f6015e5670e9
Henry Kamya Makumbi,861a5dd0-c0e5-4e2f-bcad-ad65d3a15a02
Henry Maurice Kibalya,705bb98e-5540-44ad-8283-13ac5bd923b3
Henry Muganwa Kajura,624da112-cfce-4958-887d-f6015e5670e9
Henry Muganwa Kajura,d1d24797-8375-430b-8ab1-377087531ea8
Henry Musasizi,bb7a33bb-b0d3-4107-8ec8-48ad38bcd7f0
Henry Mutebi Kityo,b3d126d9-2d8c-49cb-bb86-67aa2a956407
Henry Okello Oryem,0fa78f54-3387-46f0-a16f-2e2976c694a9
Henry Okello Oryem,311bad34-9ddb-480c-9bf7-5359e3f06413
Henry Oryem Okello,311bad34-9ddb-480c-9bf7-5359e3f06413
Herbert Edmund Ariko,92de7251-ab5f-4ca3-9096-ba68bc1c2a70
Herbert Kaale Sabila,d922969c-cd10-4462-90d3-a65ab4ea18ed
Herbert Kabafunzaki,f588b9c9-752f-4394-97df-6d99dfccb505
Herbert Muntuyera Nuwagaba,e5be7e22-6222-481f-9fda-ee0c59b53636
Herbert Tom Kinobere,bb4810c5-0443-4b7f-967b-01452e4fafb9
Herbert Wilson Lwanga,9d34fb4e-ee87-408d-b037-2c949a804f7e
Hilary Lokwang,d42030f2-32fd-4256-99e5-fcfac0257c1d
Hilary Onek,1b0cc67e-4402-4041-afa1-ce21c5b3fcf8
Hood Kiribedda Katuramu,4509bcba-bbfc-4311-82d5-acc4c951d617
Hood Kiribedda Katuramu,aa5a61ec-3a1d-4cc4-8dc7-4aafa4f083d3
Hope Robina Mukisa,a6728118-bd7d-4be9-991f-b4e15b1c8dcd
Huda Abason Oleru,8cdb79df-90d5-420f-b172-9de29a4231dd
Huda Abason Oleru,c219b699-fcd1-4c1b-b44d-7e3ed013f0cd
Hussein Godi Akbar,86effa8c-946a-400e-81be-f094b47820cd
Hussein Kyanjo,d5819e91-92b6-4620-b15b-0a30f3c828cc
Hussein Kyanjo,d8f6f760-2b29-4bbd-8b0e-eade791634bb
Ibanda Gerald Rwemulikya,0a2d2cbb-39d9-4036-8545-4ec0061a72a4
Ibi Florence Ekwau,23835331-7b26-4f27-90fd-594aef1064df
Ibi Florence Ekwau,c0ae5d69-29f0-4c60-8de8-b1f5a8e7c6e6
Ibrahim Abiriga,02e71084-b183-4122-aa6d-2eb8246bd564
Ibrahim Kasozi,47237c2e-0451-4936-bdb6-398111591b7d
Ibrahim Nganda Ssemujju,1648b33d-500b-4b59-8a2e-e025ca69e62f
Ibrahim Nganda Ssemujju,1e9890fc-6616-4f3d-9e4e-a4b4a1526a4b
Ibrahim Ssemujju Nganda,1e9890fc-6616-4f3d-9e4e-a4b4a1526a4b
Idah Erios Nantaba,0098f5ca-0cb0-4aaa-a54f-7f18a41e386a
Idah Erios Nantaba,4ef089b1-2b19-4615-b05c-5e556f65a98d
Idah Mehangye,cb398665-a336-472e-a5f1-8835382134cd
Idah Nabayiga,625ab91f-64ed-4ed9-8468-c3feae150da8
Iddi Isabirye,409561bb-780e-489e-8a0d-235594cd268d
Iddi Isabirye,db00925f-93ed-4beb-b17e-85761fdbe388
Iddi Kisiki Lubyayi,ce2300df-d657-4236-91b6-1b5f64d94956
Idi Amin Taban,6ee78375-1216-4019-b144-a56d7150b2c7
Ignatius Besisira,50e52aa2-8406-4867-a4a8-2cd6e587a608
Ignatius Besisira,db392542-6a37-4a83-8054-b49569eb6939
Innocent Oula,4134ca99-76b9-46e4-ae14-d255f7d9a673
Innocent Oula,677d1757-7531-4cdf-8d4e-5b158ef8d58f
Irene Muloni,137413eb-26f0-455c-afe6-060cfd1c46a3
Irene Nafuna Muloni,137413eb-26f0-455c-afe6-060cfd1c46a3
Irene Nafuna Muloni,a7a0e997-7212-4644-b46c-f84e8e26e7e0
Isaac Etuka Joakino,0c6e733c-c3ba-431b-bb56-2eb3c66973a0
Isaac Isanga Musumba,31140777-ea8e-43e9-af2d-33dbacc1a0c8
Isaac Isanga Musumba,fb8a3582-2c1a-417f-adc1-7ad1ec5fbd4a
Isaac Mulindwa,a8df37e8-dd05-4330-b746-9da935f5e8d6
Isaac Mulindwa Sozi,a8df37e8-dd05-4330-b746-9da935f5e8d6
Isaac Musumba,fb8a3582-2c1a-417f-adc1-7ad1ec5fbd4a
Isaiah Imumet,3975dbbd-f870-4fcb-951e-f7b91da5650e
Isaias Johny Ssasaga,1af7d53e-9aff-4a9c-bfe1-434dac23ae7c
Isaias Johny Ssasaga,bfd2a2dc-ad24-4c06-85d2-eb5b94e43c86
Ishaa Amiza Otto,d94e27d8-b4df-47e1-ae39-d67301566fe4
Ishma Mafabi,27b1d768-0733-4fd6-820b-97652767ef00
Isiko Wilson Mpongo Asupasa,4740f42a-6987-4463-a988-a0afd864fc32
Isiko Wilson Mpongo Asupasa,4faa2b5d-0299-4c21-b86b-f8f15ecd6c30
Ismael Orot,4c4be023-76a8-495d-bdf7-728b6e281eb0
Ismail Ogama,c2184f9a-9b3f-4669-871a-e1289dbc285d
Isoke Matia Baguma,c37be18f-5c07-4d4e-a2d9-915dfdad615d
Issa Kikungwe,9fd8ad4e-93bf-4358-ad59-73a1854586e7
Issa Kikungwe,de194475-6409-422a-a419-95bdbb12a17d
Issac Sejjoba,4e1629fe-ee9b-4dfe-b5a8-476db7b7afb6
Issac Sejjoba,89e12897-c8d7-4d98-947c-2f315e5391d2
Ivan Koreta,119064c8-9e60-47fb-a672-e62dd980993d
Jacinto Deusdedit Ogwal,07873c13-27aa-4785-8b41-3c1a3bdee8c9
Jacinto Deusdedit Ogwal,2b3d12b1-9b0b-48d0-abc2-f6d5a188661a
Jack Odur Lutanywa,d8ec18bb-0f17-42fe-8d1e-3df38f87725d
Jack Sabiiti,7e940a62-8e4a-4357-b33f-7a8d51d8f166
Jack Sabiiti,c4351093-fc19-4872-b05c-a72e2e8035c3
Jacklet Atuhaire,f8748b90-4d4b-4dd9-8052-a27db5a1d32a
Jackson Karugaba Kafuuzi,111779b4-e6e7-4b0a-9699-46d18a3d91c2
Jackson Mbaju,3f66e672-2aeb-4617-9e01-cae74a3bede0
Jacob L'Okori Oulanyah,663294d1-06b6-403b-b36f-428541a1ca8a
Jacob L'Okori Oulanyah,d66bd24e-4c1f-485d-bde6-6a161a70ae88
Jacob Oboth-Oboth,e7b7669d-a7ee-46b5-a80d-7063822fa217
Jacob Oulanyah,d66bd24e-4c1f-485d-bde6-6a161a70ae88
Jacob Richards Opolot,5b9951dd-41dd-4e1c-8d61-920f81db35cf
Jacob Richards Opolot,bc387d9c-5180-40e1-9b81-3108529a79a4
Jacob Wangolo,8a33613c-9703-4246-bc78-590075bb2683
Jacob Wangolo,b0f38526-58ea-4376-b9fb-432a0f46f93f
Jacqueline Kyatuheire,e87ae1d4-5f0f-4505-90e3-0408e932d1d6
Jacquiline Amongin,7b7dfd96-322f-4162-b49c-1953da42840c
Jacquiline Amongin,99eb3dbb-43b6-4da3-bde4-d3a999bdbd2f
Jalia Lukumu N. Abwooli Bintu,a54b7e6d-49bf-4121-9b8f-f231c571305d
Jalia Lukumu N. Abwooli Bintu,d2b326d4-1f6f-4a76-a755-f8eba8f9725a
James Acidri,f688a4c7-d3e9-47e8-ad56-27886e297774
James Baba,4cb43bab-faf4-4ee4-b9e9-8bb64d803b42
James Eliezer Mwandha,20368508-6b39-4540-80fe-986a599d1de3
James Kaberuka Niringiyimana,0dda2b7a-4e38-4cfa-ba86-943da4a211a2
James Kakooza,87e77712-4c11-4a24-819b-3adfa5e00212
James Kakooza,adea8541-cd09-47d7-98a0-3a2b0cf536aa
James Kubeketerya,b109b395-308c-4a15-b3f4-a308bd4c9ddf
James Kyewalabye Kabajo,0a6fc8da-3df9-4bd3-81c5-096985e55481
James Kyewalabye Kabajo,8954e771-d413-4aa9-9946-5856716aa946
James Makumbi,9f428bc5-be43-4a61-b859-9ad653bd958f
James Mbahimba,6f3fc020-8c8c-4a31-8cd8-566d1833d184
James Mbahimba,99bd88a9-567b-4d4c-84e2-b3af706ded4d
James Micheal Jimmy Akena,4ef48537-bd35-4992-a47d-0bc4c6b57b58
James Micheal Jimmy Akena,a8b85d78-2280-4046-87d8-d40a1cfb1169
James Nsaba Buturo,1d223bed-e870-4b97-b94e-79ebe7243023
James Waluswaka,7f3b174a-2b04-4b02-966d-5fca8f0943bf
Jane Kwoba Nabulindo,3c8f6303-8f16-4a91-aa63-4926e7580cb1
Janepher Mbabazi Kyomuhendo,13e1461e-235c-4a15-8310-08ded06c3ba8
Janet Grace Akech Okori-Moe,993736a4-788d-4cfe-a4f7-17a82c61590e
Janet Grace Akech Okori-Moe,f8194d2a-3ca6-4369-aa33-a9a5def4f98f
Janet Museveni,600ed41f-be37-489a-a9e1-3b6abe43414f
Janet Museveni Kataaha,600ed41f-be37-489a-a9e1-3b6abe43414f
Janet Museveni Kataaha,7db6d8b4-60ae-49c8-9134-238b65f0d2ea
Jaqueline Rama Aol,1abdfbb7-3547-4f29-8e9b-e429b0e21a1e
Jastine Kashaija Ayebazibwe,132cf04a-53dc-450d-afe5-1963287eb878
Jeje Odongo,27baa8ed-2454-4c8a-be49-390adb0aaf6c
Jeje Odongo,5a303851-70db-4c9d-bf20-4a04eb81c2ae
Jenipher Kacha Namuyangu,de60930f-dfdb-4ce4-9767-89d88111ad3b
Jennifer K. Mujungu,28497c7d-5023-4c08-b5f4-d9bf71675587
Jennifer K. Mujungu,bd73ed02-9a09-4cdb-ad32-a248cf44e5a1
Jennifer Namuyangu,de60930f-dfdb-4ce4-9767-89d88111ad3b
Jeremiah Twa-Twa,a7b803e7-601a-4c1b-a58e-fb764bb96c86
Jesca Ababiku,580ea7d3-c1c6-47ea-8e5e-e4078cc1bef9
Jesca Ababiku,7cf40aaf-a410-4364-93e7-470d9149501e
Jesca Eriyo,7e3e4137-c5f5-4421-90bf-25b5a3775d16
Jessica Rose Epel Alupo,0691611c-c21e-4fd6-80f8-ac604955626a
Jessica Rose Epel Alupo,92d26239-7d6e-4eb5-86c4-a05f6887a292
Jim Katugugu Muhwezi,a186c58e-5505-48cb-b564-bfd973e6643f
Jim Katugugu Muhwezi,b2b287c1-b007-4eb7-8e96-def5ec160299
Jim Muhwezi,b2b287c1-b007-4eb7-8e96-def5ec160299
Jim Owoyesigire,033d54e3-1d6e-4469-981c-f5ab72e52933
Jim Owoyesigire,65e7cafa-a34a-4caf-91eb-a168cdea85d9
Jimmy William L Kinobe,af28ddd4-5a2e-4539-91b1-df5fd7a6b87a
Joel Yoweri Sebikali,5085e3b8-0c34-40c1-a2de-c6aca5a170e3
John Amos Okot,8eec0ad3-8774-485e-b103-f0b22c4933dd
John Amos Okot,c0eca333-c5f5-44a6-9574-36fb382cd047
John B Bagoole,4f06fe1f-6a56-46eb-9ba2-8829f701911f
John B Bagoole,a52fe9a1-ab7a-42e0-8495-843108545de4
John Baptist Kawanga,94449002-a0a5-4d5e-b761-8abb2d32b246
John Baptist Lokii,4f1ab0e6-1597-4f53-8aeb-7accc4e29525
John Baptist Lokii,afffc417-39cf-4df1-b81b-39e4ae0af856
John Baptist Nambeshe,f8ce1f71-f443-43d5-8df2-d99331663c3e
John Bosco Ikojo,0fd6df04-aeae-43d4-a36c-66f211a8d55b
John Bosco Lubyayi,123dcd30-a0ac-4e60-a1e3-2cfcf9c6dea3
John Bosco Mubito,9323ca12-2081-4200-8ff4-44f02f575a08
John Bosco Mubito,9460186d-760b-4e2d-a87a-0e011329d5b5
John Byabagambi,551bd23a-72f5-45ee-91b9-b1820439835e
John Byabagambi,b2b6c570-5bf0-492b-a763-49a313fd1243
John Chrysestom Muyingo,a539614b-bd70-4d17-a0ec-ad8097a93114
John Chrysestom Muyingo,ea3185ce-e46e-4af1-ba6b-a42472e7a78e
John Chrysostom Muyingo,ea3185ce-e46e-4af1-ba6b-a42472e7a78e
John Drazu Arumadri,a4eb7714-914a-41b1-b035-5e9a0f418fbf
John Emilly Otekat,7f845ea0-4ae5-4c07-9ecb-91bf5f1aa827
John Ken Lukyamuzi,56971f8e-0b9c-4f47-aca6-0ac715e429b3
John Ken Lukyamuzi,829c7f01-35c0-4db0-8a7c-f8fe6963982f
John Mulimba,2b9581db-d057-4dcb-a975-ad496b76f4e5
John Mulimba,7a5b682e-c053-47ce-8b87-7fec91924b4e
John Nasasira,9e15cd82-8ee3-44d8-897f-5603eacf2c08
John Nizeyimana Kamara,6a02da8b-a6a0-4165-b82a-10cd36aaace9
John Nizeyimana Kamara,ad68aa90-eebb-4abe-a8cd-de0854dd9425
John Ntamuhiira Twesigye,b92dd328-dd5d-4d67-8007-12da73309d8e
John Nwoono Nasasira,9e15cd82-8ee3-44d8-897f-5603eacf2c08
John Nwoono Nasasira,fe5e81df-eb2a-4dbc-bd29-0eb2b264b0dc
John Odit,d583e59d-0cbe-4246-a255-26e878dcd317
John Ogwang,a893df30-f17d-40f9-b24e-df52c32d6450
John Peter Esele,d12a1c1c-9ab7-4b3c-82ab-11bd9820648a
John Roberts Rex Aachilla,3c3bcf7e-e9fd-4957-aa5d-d5b794bdb4de
John Ssimbwa,7839316c-26ae-41b0-92b9-0caf92606fbe
John Ssimbwa,cd13a499-0a2d-4f95-b60c-08b63042bc53
John-Bosco Sseguya Lubyayi,896128f1-ff06-49b6-8dc8-a93d77aa7721
Johnson Malinga,df6724a0-5d8e-4513-aa3b-d00f278d50cd
Johnson Nkuuhe,87150b12-a0ca-4bf6-a887-8ac86840d5ac
Johnson Ssenyonga Muyanja,c39a7e1d-c214-457a-9a14-5799cc1c28bc
Johnson Toskin Bartille,dea1b5e5-cdbd-47cf-ba6f-b87585333c50
Jonathan Odur,0d536991-b40c-4889-87c5-63b6a925c0d6
Jonny Richard Bulamu,4e97b083-a220-4d08-af43-b5d8c49f68f2
Joseph Balikudembe Mutebi,e4b3f107-2155-4c0a-b815-2b29d78117b1
Joseph Balikudembe Mutebi,e743a0ae-928e-4288-8c07-f65ce3892fae
Joseph Gonzaga Ssewungu,6d458f3c-f571-4af5-892e-95409902d4d8
Joseph Gonzaga Ssewungu,ac9ba2c7-85c3-40ab-902d-0823a75d8bd9
Joseph Kakooza,f4d40462-6ab9-4c48-8190-2167ebebdda1
Joseph Kasozi Muyomba,cf868109-865f-4619-b514-e632e615e0e9
Joseph Muyomba Kasozi,fa5c646c-1c11-4fea-a2f2-6099d641f5b0
Joseph Sekabiito,32f8b122-c5ae-461b-a440-0182e01fb8e5
Joseph Sibalinghana Kiregheya Matte,63c8937e-a752-49bd-a910-3aa774f9485d
Joseph Sibalinghana Kiregheya Matte,a9b3b761-c560-41c7-92fb-d3bdb6c90e21
Josephine Bebona Babungi,ea7afc52-f4c9-437a-b88d-acb066f14b5e
Joshua Carter Anywarach,305571a7-331a-4834-9353-48adf77bc887
Joshua Carter Anywarach,c0abf2c7-0bd0-4162-a9a7-ca450458bbb7
Jovah Kamateeka,82f11047-e0c6-40e1-8023-1bbe38c9641e
Jovah Kamateeka,d29109b8-d1f1-4f12-a867-d6e990c45cba
Jovrine Kaliisa,de365abc-e5f0-467d-8408-7b88dc78681f
Jowali Kakwa Kyeyago,d21202a6-8473-450f-99f0-3e8d25a7060e
Joy Ongom Atim,02633106-bedb-4029-b8b3-6159b69d5968
Joy Ongom Atim,a8c1425e-371b-42a3-878e-ee73afaecc15
Joy Ruth Acheng,405077b1-e6be-4ece-b6a3-d8bd869ea761
Joy Ruth Acheng,4f7c2e54-23c8-4a4f-8944-75b30529cb8c
Joyce Kwebiha,77bee2cd-cf1d-4eba-88f9-2d8607269ee0
Joyce Moriku,930b509b-af3b-4f9d-b8a2-a7c835fd1b3c
Joyo Eugenia Mindra,4fe3857d-2ac6-4f04-b4e1-c2ce2c3582dd
Judith Alyek,6e7cc987-439f-4d32-8189-29f09f3a9adc
Judith Babirye,ea386b6f-688b-4964-bb37-69a07c972b45
Judith Franca Akello,2cec2ab5-bce3-4e0d-b496-03f1fac9c826
Judith Franca Akello,c20c2d5f-9a26-4019-ae14-3233c203eb0c
Judith Mary Amoit,1e4bfad5-c585-4b0a-932a-0bc296ea7cc1
Judith Mary Amoit,f2656216-0e7e-4376-95ee-94f36d754ce9
Judith Nabakooba,6ea4a8a1-47cf-4e9e-bddd-751d65f81e76
Juliana Modest Auma,1d572e4c-b04d-4b8d-82da-a0faab368f64
Juliana Modest Auma,77c40d89-9b33-420d-8daf-32e081878a8a
Julie Zabwe Mukoda,de9d581a-1b73-4fff-8295-fddf9fd39c2d
Juliet Kabonesa Sekitoleko,3b2e85d3-25f4-4e29-b26d-79e892386712
Juliet Kinyamatama Suubi,2c14fd06-f0f3-405d-b2c8-42364a09cd0a
Julius Balyejjusa,d7e8994f-9378-4beb-a9de-1ad842032caf
Julius Bua Acom,abc76f79-0438-4f9f-9e36-9866b11feb18
Julius Facki Oketta,4ff83688-7e2a-4932-bc0f-12b5abaa8918
Julius Facki Oketta,6a250cf8-966b-4bc6-8c4e-b90f579352d3
Julius Junjura Bigirwa,2a10f6fb-78ef-4695-8521-ba57a8a5199f
Julius Junjura Bigirwa,b1d3f130-c471-4d62-a7bd-4aa4a2766de4
Julius Maganda,86f6fb64-0624-4b39-9bcc-ee9221005d4d
Julius Maganda,e1568fac-b502-42a7-81c0-76e215cce3cf
Julius Mukasa Opondo,df05316f-2211-4692-b4c5-5633f17f1715
Julius Ocen,0319757f-f3a5-40d2-b22f-54e556c47b3a
Julius Peter Emigu,3632d5d1-dfb2-43b5-83f9-9a38df6a378a
Julius Wandera Maganda,86f6fb64-0624-4b39-9bcc-ee9221005d4d
Justine Ayebazibwe,132cf04a-53dc-450d-afe5-1963287eb878
Justine Khainza,1c45039e-3dc5-4fa2-b615-d2be650ddf39
Justine Khainza,21d5e243-2588-4ba3-9f04-0a6569e10169
Justine Lumumba Kasule,66ce442b-34c2-4690-8d87-b6bc9e51707b
Justine Lumumba Kasule,910c9f79-ebba-495f-836b-028f27def018
K. Deusdedit Bikwasizehi,21ecfe90-abf1-4818-bc07-5adfea44f702
K. Samuel Bitangaro,67784683-83cb-4fba-b1a8-249997a29620
Kab Medard Bitekyerezo,7c35d6bf-dacc-4737-bb66-b6ec0ae20b0f
Kab Medard Bitekyerezo,bef0c839-87ba-43ed-894c-59907bb44407
Kabahweza Florence Hashaka,62a4783d-e0c5-4d3d-b5eb-6a2618413cd0
Kabakumba Masiko,ef3abb0d-77e3-42b7-a9ab-78b9ca0cee31
Kabondo Gaudioso Tindamanyire,491e229b-8ab9-474d-8f80-263d56be175e
Kabushenga Hamlet Mbabazi,13155fcd-b417-40c5-9f67-44d88535af5a
Kabwegyere Tarsis Bazana,e1d3130e-54e8-4312-a6ed-e2ee007d5fc2
Kabwegyere Tarsis Bazana,f3e7da7d-ba02-4862-ac8a-96e4278dc140
Kafire Juliet Rainer,66a21838-4fc7-417f-bfed-73d79ba5ee09
Kafureeka Gerald Karuhanga,7338d695-c7b4-4403-a797-28836ef52e89
Kafureeka Gerald Karuhanga,cd50940e-9368-4efe-87a3-67d9b35bb196
Kagyigyi Frank Tumwebaze,58b556f1-de5c-4ba8-8f22-698f9bdd1b9b
Kagyigyi Frank Tumwebaze,84ce6354-5665-497a-9a49-bc8926d87fd1
Kahamba Sam Kutesa,bc1ac9e1-616a-460e-910b-356a414fc5e6
Kahamba Sam Kutesa,e12c07a3-5d37-47c0-aa36-25cc7688304e
Kahinda Otafiire,8fa4b646-b14c-41cb-8976-b5f7e9fa3d84
Kajura Henry Muganwa,90f0a956-9d05-46cf-91da-a50ee25d2576
Kalibogha Apolinaris Kithende,524a78f4-f9f9-4ca5-9b8c-da6623801bf9
Kamanda Bataringaya,6dbf44eb-4f0f-45b5-b40c-6f18e9f90a28
Kania Obiga,3d1d4f38-ecb7-4151-8aef-b9f074d7f12e
Kaps Hassan Fungaroo,5df95d19-d185-4d06-83c2-3ab191dae17d
Kaps Hassan Fungaroo,d468c980-218a-46ee-8378-ea38360f3b52
Kasole Lwanga Edward Bwerere,ee054c3b-5af0-4a4a-9648-6d0a6f82fba5
Kassiano Ezati Wadri,91a3a054-7fd7-4412-81e8-711cc5af11ba
Kassiano Ezati Wadri,caf8c190-f49b-4466-b6b9-ca04133f7080
Kato Lubwama,3ce279d9-e826-41d4-8ade-1ae14d1b36b9
Katumba Wamala,762aefff-ee1f-44b7-808d-2bb5318fb574
Kaweesi Edward Ndawula,3826e41e-6d33-4da5-934f-6a44fbe07c3a
Kazoora John Bashaija,e5673079-b7da-44e4-8abf-54d47bf78af7
Kebirungi Mary Paula Turyahikayo,b8614fc6-e5ea-4465-a012-47057a8d40d1
Kebirungi Mary Paula Turyahikayo,e797ab5f-8de9-43d1-bb8f-a9654eacbc85
Keefa Kiwanuka,0983faff-b368-4a4a-864a-7d80c2fc52b1
Kefa Frederick.S Ssempangi,2192a4a6-39e1-4c3e-a394-2c3f7576f57a
Ken Lukyamuzi,56971f8e-0b9c-4f47-aca6-0ac715e429b3
Kenneth Esiangu Eitunganane,d1f8f1f7-8292-4e3f-9686-9892440ffd52
Kenneth Lubogo,2ebe4322-d87b-4a77-8841-2b6b1dfadbb4
Kenneth Lubogo,cc93fa56-7209-47c8-b826-bf2fe8456a05
Kenneth Olusegun Omona,0aa6b3a3-218c-4294-b6ed-ff942efbb94f
Kenneth Olusegun Omona,4ab97294-870c-43a6-8f02-e25471c18b9b
Kenneth Soyekwo Cheborion,2b3c7026-a07f-4c8e-98c3-6f6788c81d23
Kevinah Wanaha Wandera Taaka,be815654-61dd-4607-bd51-a216311b4c20
Kevinah Wanaha Wandera Taaka,c602065d-b74c-4846-b3cf-79468516ff7d
Kezekia Mbogo,23e779b9-bdb2-4252-a92b-d9b406b7b5ca
Kezekia Mbogo,c78995db-72df-48b7-9860-920581b321c3
Kibaale Wambi David Gaboi,9fd1ec35-803e-43a4-9a71-9b56aa6d4cc1
Kiddu Makubuya,35b3ca23-5cc3-408a-9131-14ddb05e0a64
Kif'Omusana Joseph Mugambe,6f0eaddd-f324-41a6-ba12-5766e087e18f
Kigyagi John Arimpa,ecbb24a3-4f6c-421f-b699-0be223c62cc5
Kivejinja Ali Muwabe Kirunda,ee7acf98-77cb-401c-8036-42b34cb5fd3b
Kiwanuka Matiya Mulumba Semakula,760286cc-e027-4b7b-9d24-71196fcdfc53
Kiyingi Sarah Namusoke,1a231608-6a56-4774-91c1-46f2c7f9022a
Komuhangi Winifred Masiko,4146a78f-180d-437b-8820-1597a936630e
Krispus Ayena,135e7050-f7c4-4bbe-8433-342ff69a7f12
Krispus Ayena,be76f438-92c1-45a1-bea9-a96d59c48621
Kulany Gertrude Chelangat,06105ee9-b5e1-44e6-a6a6-94bacb79eb70
Kwagala Olivia Kabaale,d329e8ef-4e77-43e1-bf11-08929ea57196
Kwagala Olivia Kabaale,f0269884-e66a-4a59-b458-ab579a650c1c
Kyabangi Katusiime Nakato,442429b9-00ab-4cea-a8f5-02d6ca567268
Kyabangi Katusiime Nakato,a7d14946-2a6d-479b-8b22-4d904a00cb97
Kyebakoze Sulaiman Madada,263bbb4c-1069-4621-89c4-5eefadb1454d
Kyebakoze Sulaiman Madada,9e7029a7-944b-4c37-ae6c-db7f22f5ba98
Kyewalabye Majegere S.J. Waira,29321c1c-fcac-401a-87a1-4bf025f93ec9
Kyewalabye Majegere S.J. Waira,964c0ac9-d0dd-459e-9791-2f9b15a68b6c
Lakana Tomson Anang-Odur,2b0229ae-352e-4b76-ad09-4dc3dcc4fd27
Lastus Katende Serunjogi,a8a95cd4-c845-4849-adaa-ef8ccde769e4
Latigo Morris.W Ogenga,a1a9c9b0-a62a-4e64-8682-b0cd51a8b065
Lawrence Akugizibwe,40ecb61d-04ae-40da-a6bc-9a939a43272a
Lawrence Akuguzibwe,40ecb61d-04ae-40da-a6bc-9a939a43272a
Lawrence Bategeka Nkooto,6e2c8f47-6ede-4186-86da-d90fc6bd37bb
Lawrence Bayika Onegiu,ad3cc338-30f6-4270-a3b9-a852b16f933b
Lawrence Cherop Mangusho,5e13a600-e1c7-40e0-8374-97999240287e
Lawrence Mangusho,5e13a600-e1c7-40e0-8374-97999240287e
Lee Denis Oguzu,3d1f99ad-5ae2-4481-baa2-bcccff52e2b2
Lillian S. Nakamate,aca93e6b-66ca-425d-98a4-73890b0dff14
Lilly Adong,3633dc6a-54e5-401d-9981-b5282ef4236b
Lilly Adong,ad6e09a4-5dad-4365-b239-c0ea43752286
Loi Kageni Kiryapawo,d0598ea3-9ece-4adc-a8d6-2c4e670a6e2f
Loote Sammy Ogwel,f4a3d643-a189-4381-a3c9-bacc9b2f00bf
Lorika Rose Nacha,e1cca037-df41-4a6b-a1a4-d81ab39fc67d
Louis Opange,360e3477-d908-4145-a80c-444a518146fe
Loy Katali,ee3661d0-5c80-4f3b-a3cc-b73deab03b42
Lt. Col. Flavia Byekwaso,d6fe8bf2-ea76-459f-95d1-aa70f7c2d11a
Lt. Gen. Ivan Koreta,119064c8-9e60-47fb-a672-e62dd980993d
Lubega Ibrahim.I Kaddunabbi,f3b318b7-ea68-4018-8668-f07f6e424caa
Lucy Ajok,08bc6bc3-47ed-4d24-bcad-a633e11bb608
Lucy Ajok,d1f2074f-e1c1-43e7-bffa-77386eda0dc6
Lucy Akello,5b74a303-fe48-4b2b-832c-1e8f05220b99
Lucy Otim Aciro,9f43b4c4-b3d4-4c3f-95ff-0ad60af10811
Lukia Isanga Nakadama,7901ace8-030a-414f-8791-83f848bc5c69
Lukia Isanga Nakadama,8e46caab-7af8-4168-9120-945ba3ed9203
Lukyamuzi Susan Nampijja,c0b23b9f-7233-4818-99bf-4fad8c676bad
Lule Mawiya,740162fb-c6b6-48c1-bb27-c6ec28230b48
Lulume Bayiga,fd855a35-69fa-4c3a-8d86-4cd16d5f7957
Lutaya Kavuma Ruth Nvumetta,0e86d3c4-8a37-492e-a112-9bfd45a6394e
Lyandro Komakech,1fdb86e9-42b7-4722-b71b-77b222ed167a
Lydia Chekwel,e67c34d0-af92-4ac9-9fbb-fc529fad7b03
Lydia Chekwel,f7bdca29-0658-4107-8a31-7119347b064a
Lydia Kibwika Nyago,2849b0f6-ef72-437e-9a28-b03fd2f058f9
Lydia Mirembe Kalule,26ccd1f6-2a23-4855-a2a3-3bdb8189d4ff
Lyndah Timbigamba,3841dd71-6dfc-428f-88ce-7c340ee40238
Lyndah Timbigamba,6f5cd346-2cf7-4245-97da-3fdd34a621aa
M. William Nzoghu,7e746642-0788-4750-8941-e379741752d4
M. William Nzoghu,9b31320b-154b-469f-be18-2c3ee3ba553d
Mabel Lillian Komugisha Bakeine,c0633749-ba2d-40ca-b76e-300ed84ae318
Mabel Lillian Komugisha Bakeine,ccbf67bf-e928-46e7-94f2-acf29d4192fc
Magaret Muhanga,bad0b4ae-2e55-4450-b302-24a964e47747
Magret Mbeiza Kisira,886931dd-be43-43b5-a50f-ec2498303662
Magret Namubiru Rwabushaija,6bd84ffe-6f44-4030-a39c-b32e5541335e
Maj. Gen. Pecos Kutesa,8902932c-9bb1-4c2e-a408-5f97ddb48cf7
Makmot Otto,9f784bc9-e33c-47e3-82e8-1b21febeaf98
Makubuya Edward Khiddu,0aa7ff89-0664-45a4-812e-128a7fdfecfc
Makubuya Edward Khiddu,35b3ca23-5cc3-408a-9131-14ddb05e0a64
Manoah Mila Achile,3fb96f35-fa3a-4422-875a-678a54d9755d
Manoah Mila Achile,aedd6f53-65f2-4ee7-8428-e12a15a4cfbe
Manoni Phinehas Katirima,048e2d45-fc8c-4d65-b17f-aa900dcd4980
Manoni Phinehas Katirima,e05c84d5-ba70-4566-8b3c-6a9dea57971e
Margaret Achilla Aleper,263cd449-02d0-4892-b476-5d6b1a4f7959
Margaret Achilla Aleper,809287ef-d55d-4665-9a7d-72b4b0554424
Margaret Angufiru,0b4ad722-80fd-428f-9d17-105da8344974
Margaret Iriama,59e48081-43ec-4567-851e-0a7b4d119299
Margaret Iriama,86dae04f-e0e2-4b19-ae13-a397050ad089
Margaret Komuhangi,3091585b-861f-4ff6-848a-3345e001fa6f
Margaret Komuhangi,7e9ddd1d-7555-4494-a912-58304bcc6cec
Margaret Makhoha,57dd30d2-d5a6-44c2-ac14-41b50daa2174
Margaret Makhoha,efee2480-33cf-4064-be4d-2ee5c8ef3b33
Margaret Mbeiza Kisira,8db552ca-1afb-4b93-88d3-add17d14e3fb
Margaret Namara Kiboijana,94310b27-8bda-49f1-a5b6-1d676202cfa8
Margaret Namara Kiboijana,ea4822d0-a396-4381-9204-bd743fea5f4c
Margaret Nantongo Zziwa,b0af2e3e-83f3-43ab-879c-c2e0091fec77
Margret Lamwaka,16d06590-cfae-4be0-a8ad-e8aec9ac772d
Maria Kiwanuka,7a254cc7-0ca3-44a1-98aa-f4c0fefbe954
Maria Kiwanuka,a207fb50-8956-4b4f-bc9e-d1fe713da25c
Maria Mutagamba,4688f609-2bf4-4a87-91a8-8cea3f3a3686
Maria Mutagamba,85da9e55-eeb9-4605-94fb-3e11077e8d76
Mariam Gorreti Elogu Ajilo,ece9a2ad-5bf6-49b8-9c0e-cc891211492e
Mariam Naigaga,62e9bd9c-2b38-440d-a587-bce2d772cd7e
Mariam Patience Nalubega,5c31927e-e6e5-4a1a-9cb6-44dccd53ba05
Mariam Patience Nalubega,fa48cf87-ee5a-4fda-b6c8-d4859ccfc758
Mario Kania Obiga,3d1d4f38-ecb7-4151-8aef-b9f074d7f12e
Mark Dulu,828826b5-ed4a-4cc8-84c9-fe9b38492b3d
Marksons Jacob Oboth,dc2ff42d-6908-48da-bf36-2ca789de8b33
Marksons Jacob Oboth,e7b7669d-a7ee-46b5-a80d-7063822fa217
Martin Andi Drito,6144907c-c8d0-43ae-9c6b-cc36f982cd75
Martin Andi Drito,7326ac6e-bf83-4822-87f1-619bfb6bddaa
Mary Babirye Kabanda,35adaf10-ce65-4826-a5b0-91db72ed8316
Mary Gorreti Kimono,fe9ddde6-6bf7-4fcf-a99d-8fd1da5a482b
Mary Karooro Okurut,8f938c8c-5ed8-4d19-b024-210837e5b6c9
Mary Karooro Okurut Busingye,29f33d83-3a4a-4ef3-a334-ffecd9bacddc
Mary Karooro Okurut Busingye,8f938c8c-5ed8-4d19-b024-210837e5b6c9
Mary Karoro Okurut,8f938c8c-5ed8-4d19-b024-210837e5b6c9
Mary Magdalene Oriekot Amajo,a1328cc8-7cf1-414f-a66e-b7e8bccf5fcf
Mary Tuunde Nalubega,62e0bc58-4643-4926-b567-593529d87e61
Mary Tuunde Nalubega,bd947a8f-9f0f-408a-9c34-7dba75890006
Masiko Labwoni Princess Kabakumba,91404029-972b-4469-99d9-daaddd1d182f
Masiko Labwoni Princess Kabakumba,ef3abb0d-77e3-42b7-a9ab-78b9ca0cee31
Mathias Kasamba,70323ea4-25ce-484b-a539-cdcc82c8c49d
Mathias Kasamba,fc579483-795d-4601-a355-080965a3e3dd
Mathias Mpuuga,37ef921f-a0cd-4ff5-abaf-e81b1275a9e9
Mathias Mpuuga,ace19060-abf0-416a-8c5a-4018d8734192
Matia Kasaija,7eed987e-34bd-4570-a50f-f3378b2fdf66
Matia Kasaija,e34f75b0-f281-45b2-90bc-21c6e3655684
Mavenjina Catherine Akumu,d98642c7-a2e3-4f55-8561-8f03869dec96
Mawiya Umar Lule,bdef42fe-292d-461b-9bae-e318cccf6682
Maxwell Ebong Patrick Akora,194db6d2-566c-406e-8e5f-10cc0dfebace
Maxwell Ebong Patrick Akora,ee76c193-d289-4bef-b0e2-b88f033c6384
Mbabazi Amama,8fa89819-6bec-438f-9b29-a4dbfcfb4e79
Mbabazi Amama,ffa08991-242e-474a-b16b-c73636816666
Mbuga Edward William Sempala,0caa687a-8ed0-40cd-9a04-de475fa79f73
Mbuga Edward William Sempala,b449ebcc-0be1-4c08-b69b-6bea9ac4866c
Mbwatekamwa Gaffa,4af44ad6-9208-4240-b1e2-bd678aae89a0
Medard Sseggona Lubega,0c7ccb30-5b2c-4afe-b68d-966852a23e19
Medard Sseggona Lubega,1a46b4d5-02c7-49c4-b6d4-dab29e5a58dc
Meddie B. Mulumba,8048c9e4-4cc6-4049-a5c8-b054fa05ebed
Micah Akasile Lolem,3b499243-8d92-4051-8546-bfb533a0e459
Micah Akasile Lolem,d9b3ace2-f557-4983-a1a9-6614c8ab57d0
Michael Ayepa,5afd5c55-b4de-46d2-b238-560602df0235
Michael Ayepa,84e2b0f3-be30-45b4-9ba4-dd9123bf9b5d
Michael BukenyaIga,4f54bd6b-604e-4e67-96f5-e7a01ded6bf9
Michael Kabaziguruka,2e55c3b0-2431-4e15-8cd4-87a101e1e300
Michael Mabikke,c5fd9812-4635-4d13-b667-2a9e7147767b
Michael Maranga Mawanda,58077aeb-d517-4b49-bf90-20a75ea6bbfb
Michael Maranga Mawanda,c7ec7e4f-e95f-4eb2-9e3a-88776463dfda
Michael Timuzigu,07c68b02-5511-49fc-8b1e-c15ab3fb4575
Michael Tusiime,8271cfa9-da0d-4c4d-988f-f0ceb3230339
Micheal P. Lulume Bayigga,10375604-4e8d-4238-9df6-a90715637e50
Micheal P. Lulume Bayigga,fd855a35-69fa-4c3a-8d86-4cd16d5f7957
Mike Mukula,148b06fc-3cc9-4138-8fac-96197be7f081
Mike.N Sebalu,32958bbf-60a9-404f-a2ca-48d5309db12f
Miligan Rose Lochiam,b6cefd64-ea08-4f75-9255-332288b100f7
Milly Mugenyi,55cb5447-d6a2-4d27-983f-0eed16aa8a89
Milton Kalulu Muwuma,64dbd33a-8d4c-486d-abaa-33c7aa94a66e
Milton Kalulu Muwuma,dc893df0-d30f-42f9-856c-06b613b84c6d
Miria Matembe,08628a2c-21d3-49ba-8aa3-2c93a0b243db
Miyingo Lawrence Kezimbira,dd268bae-20f7-4c26-9506-93f8b926a7e7
Mohamed Kawuma,3e1f8d02-635a-469f-860c-d9dcab8059c5
Mohamed Kawuma,4bbcb971-88a6-4e0a-b3af-b7663616546b
Monday Ernest Apuuli Kiiza,7c6bd8dc-21f2-4aae-96d8-6a6836384e61
Monday Ernest Apuuli Kiiza,f5ad9774-e1c5-481e-8740-c84be654f347
Mondo Kagonyera,536b8052-1d5a-4644-a4fd-0f97209aa17b
Monicah Amoding,103c6832-c4ca-48d4-80ee-87d656227a24
Monicah Amoding,8a2c3b99-d8e9-4922-a6f4-a3a82fa1ff2a
Morris Adome Bildad,b3493002-7213-4057-8922-deffd6cd2a15
Morris Ogenga Latigo,f1408ce0-d0ca-4046-921b-e877483e28f0
Moses Ali,0cac79df-0a32-4c1a-87f6-64506f5e3360
Moses Ali,375f6d55-9f58-4de7-bf2d-d852dad344cb
Moses Angundru,e21ff8be-100c-4a7b-8672-efd1443a4553
Moses Grace Balyeku,1e7a6b04-9394-4c97-9f3b-4d8fdd4f6d3b
Moses Grace Balyeku,a88f0e66-d0ce-4a59-a54d-6afa7507497c
Moses Kasibante,16652a9e-a574-464b-a7ec-09492a7f2543
Moses Kasibante,a02f744b-657a-487c-bb5f-16e4906289a8
Moses Kizige,1bab8a3e-3d42-41ca-9c09-243220d71ec3
Moses Kizige,4c3ab586-1e21-428a-adc4-e64df370bd1b
Moses Mutabaali Mukose,ba5d6da4-3fc7-4f20-8eaf-741c42b40c17
Moses Nagwomu Musamba,5c018aad-4754-434a-9e28-5c6dac44800d
Moses Paul Lubowa,e09f0aee-e212-4c44-8a51-4718c825a53f
Moses Tako Apilinga,a7404315-0258-4bea-9e50-7613ca5ae9cd
Moses Wagaba Kabuusu,c06c88f0-e7c6-4398-b99f-01bc10da6176
Moses Walyomu Muwanika,e85b67aa-58cd-4ea9-9dda-44f543182d40
Mourine Osoru,77d51af4-c170-4075-ad2e-494eecf2b65a
Mubarak Munyagwa,d35069d4-8893-41c3-9d8f-eac6ef32f4be
Mudimi Ignatius Wamakuyu,02493a71-0b95-469f-abf0-6b0fec887f87
Mudimi Ignatius Wamakuyu,5591d34e-8162-433d-8a0d-d6019731e222
Mudimi Nyasio Wamakuyu,616089b7-02e5-464d-bf36-172eb6aa0073
Mugarra Martin Bahinduka,0928e4d7-4a11-41c4-860c-c92b17af3674
Mugarra Martin Bahinduka,0deefb06-33e8-46cb-a0bb-66c999a01095
Muguli John Wilson Wagonda,310e489d-1eec-4051-a499-2715ef6d59f9
Mugumya Erasmus Magulumaali,87ccee0a-2d27-412b-998d-e0c9265184aa
Muhamad Muyanja Mbabali,c458c17d-4edf-4084-9610-0b9b98619e85
Muhammad Kivumbi Muwanga,b59eeaf1-ac7a-470f-8676-c4a16839d885
Muhammad Kivumbi Muwanga,ddcdd292-bbcf-43dd-aef5-017faa561087
Muhammad Nsereko,67a17eec-26a7-481d-9d43-8d712a1659dd
Muhammad Nsereko,ed7bf6f1-2a83-4c37-a0f6-60342de47a2d
Muhanga Margaret Mugisa,6b5542d3-6956-4050-a8f1-4c58d06ac334
Muhindo Elijah Kyetunda,3556bfde-cfa1-415d-8c67-96fe67cd3cd2
Mukasa Peter Bakaluba,582ca5c5-8a79-4a1c-a0f0-c90f43a2c2ad
Mukasa Peter Bakaluba,ec946766-d1a5-46d4-9fd2-bc9265eb4908
Mukitale Stephen Adyeeri Biraahwa,168acab9-ef31-4a6e-bf79-4ed210f897da
Mukitale Stephen Adyeeri Biraahwa,54920239-58a9-4eb1-ac80-83d72b125207
Mulindwa.E Birimumaaso,9393a2ce-0632-442e-8e5f-f5632a862a47
Muranga Joseph Kule,fe913573-90c8-4787-8a25-9c0aafebbafc
Muruli Wilson Mukasa,06d11c72-2699-4e86-8a54-fc96843f5c31
Muruli Wilson Mukasa,bc3d667c-c13a-4954-ad07-9473cb4ae3a8
Musa Ecweru,13e2534d-7ae4-4643-a566-791de3af3a9c
Musa Francis Ecweru,13e2534d-7ae4-4643-a566-791de3af3a9c
Musa Francis Ecweru,34cd4044-3573-48e0-8044-1d7811285f1f
Musisi Tom Kazibwe,e50ceea1-ed8b-4b99-89ae-401fe1c11b23
Musoke Daniel Kiwalabye,71503b19-e4ea-4dd7-a44c-256e167812c8
Musumba Proscovia.N Salaamu,8ac25c19-4361-4526-9a69-1e36d15d4918
Mutiti Jonathan Nyendwoha,7f81e754-45d0-4076-a26a-4b39eb4777eb
Mutumba Richard Sebuliba,7a875306-5eab-4abd-b57f-bf6cd232d5ee
Mutumba Richard Sebuliba,c050a054-2e6a-42e5-b9f7-9fd5ff3b5029
Mutwalante Jeremiah Twa-Twa,3846117a-5c84-4707-a06d-234e2f406071
Mutwalante Jeremiah Twa-Twa,a7b803e7-601a-4c1b-a58e-fb764bb96c86
Muyanja Mbabaali,c458c17d-4edf-4084-9610-0b9b98619e85
Muzaale Martin Kisule Mugabi,4f8583ad-193a-4332-b4d2-49e14359b1a6
Muzaale Martin Kisule Mugabi,88d0c495-4a51-42fc-89a0-148ada7ca1d8
Mwesigwa Rukutana,0936738b-380d-41c9-b9cb-dd32f4f4363f
Mwesigwa Rukutana,4c50fc97-94c3-4fb9-91e4-e080e5fa5047
Mwesigye Steven Basaliza,9b034584-c108-4188-a2b6-28093edbb292
Mwine Mpaka Rwamirama,13eb1e2a-fb0f-4b4e-a1d7-898ac0f0df75
N. Stephen Tashobya,0d643b49-9bfa-4fde-bd2b-ae8ec20e5863
N. Stephen Tashobya,4b626807-cdf0-46c6-9e76-61fb74c85a01
Nabeta Nathan Samson Igeme,5f99f214-b233-425e-afa5-e3b474192d8c
Nabilah Naggayi Sempala,4803426c-7d23-491c-91e9-24081dcd606f
Nabilah Sempala Naggayi,4803426c-7d23-491c-91e9-24081dcd606f
Nabilah Sempala Naggayi,61b3abc0-8543-45c8-aa67-4b0b1d345760
Nakiboneka Victoria M Mwaka,198a0451-bb39-4cb1-8e55-f46d3592af95
Nakwang Christine Tubbo,d6cf1327-a1b1-439c-affc-8e2cbe14fa06
Nalubega Lydia Balemezi,23a088e8-bf8b-46f9-a6bc-bbfa844401eb
Namabidde Sylvia Sinabulya,1f0d6b63-3a5b-415a-9a66-2f04be58f1d9
Nambooze Betty Bakireke,04130522-0943-48e4-823b-422f80c324d8
Nambooze Betty Bakireke,8782a61c-4b00-402e-be03-910080b63ea0
Nandala Mafabi,589f4f4f-a3c4-42cb-a7ed-1099c82d8b05
Nansubuga Sarah Nyombi,dde54b3f-7ed5-4bf1-bdf9-ee94bc6e487a
Nantume Janepher Egunyu,1d2ce3ba-c3d3-479f-b7fd-40e15e527d67
Nantume Janepher Egunyu,96d745ae-b14c-46dc-92d6-dcb8aaf88c13
Naome Kabasharira,9868242b-3082-49ca-b0b8-398972bbd613
Naome Kabasharira,c2c5f94f-b227-43e5-8e49-22542980b646
Nasser Basajjabalaba,4296e6f7-617a-45c3-8db4-5137fc17084b
Nathan Byanyima,0455386f-7538-4fd0-96b2-751df77f9b03
Nathan Itungo,82b7c260-394f-4d8a-82ff-4ae0d7d73775
Nathan Nandala-Mafabi,589f4f4f-a3c4-42cb-a7ed-1099c82d8b05
Nathan Nandala-Mafabi,6c0f3150-8d35-4684-b620-8818378c655d
Nathan Samson Igeme Nabeta,0788310f-a50e-4911-8c40-6f2ab24fe2ed
Ndawula Ali Sekyanzi,ec6396cd-3d10-4491-958c-cbaf3385aa9f
Ndiwa Kapkomu Kapkwomu,7c3bcd81-ff5e-4bad-a850-4ad5e8043735
Nelson Lufafa,8369d1e2-3ffd-4718-8b0c-23679a2cc3c5
Nelson Sabila,53277710-6063-4384-91a7-e91c47d48648
Nelson Sabila,96b2ea91-749f-47c6-a41d-bbec77ed0e0c
Ngabu William Kwemara,5215c3f0-3a67-43b3-931e-c00bd6450509
Ngabu William Kwemara,67c3d223-4d00-4926-93eb-c5ebc42b17bb
Nicholas Davis Gole,4a5b9b66-4bb2-4fef-9233-fd5d9512974e
Niyibizi Silver (Sp.Rtd) Bahane,f507f816-9b2e-4f41-8a39-8fe1c2a30f5d
Noah Wanzala Mutebi,05141c6d-0b0e-4fbf-831b-43693d40cab8
Noble (Lt.Col) Mayombo,a69b90c9-750f-4efc-95a8-131f31da0975
Noeline Kisembo Basemera,dec01486-cd85-45a6-a136-20b5f958e46d
Norah Nyendwhoha Bigirwa,2476273d-32d5-44c3-9732-c396616f63c2
Norbert Mao,7944813b-ef8c-4677-aa3a-b78adda7608f
Norman Ibrahim Muwulize,f06d7fdd-b909-4c83-bea0-16546ae6c603
Nsaba Buturo,1d223bed-e870-4b97-b94e-79ebe7243023
Nsaba James Buturo,a84d6c38-328d-4dd1-8571-aa0a124bb2c8
Nsambu John.C Alintuma,d2b06ded-b991-41c8-b66d-775cac100c7f
Nsambu. Y Nsubuga,c9facb94-9b0f-41e2-8546-fe72be53ce15
Nsereko Wakayima,60b4a166-01ba-4abf-95a3-691b07fda523
Nsubuga Mathius Birekeraawo,601fe066-dc68-4bd3-81ef-f88f16a94edd
Nsubuga Mathius Birekeraawo,b7b73cbd-97de-4ab8-96e6-4c0c287cf789
Nulu Byamukama,72ec8496-633d-4286-9e3e-5d836dd9f51d
Nulu Byamukama,cfebed67-4709-48d8-8da8-6ce25f9fe06d
Nusura Tiperu,b6f4e8b2-5164-4fd0-b70b-2bfcd658090f
Nyakairima Aronda,d6f01381-b476-40c3-b2ca-acdc5b00d56a
Nyakaisiki Beatrice Byenkya,b54947dd-f1b3-417d-b7ff-06cc2c74b3d2
Obaloker Hilary Onek,1b0cc67e-4402-4041-afa1-ce21c5b3fcf8
Obaloker Hilary Onek,2253ac83-a02a-4b06-926c-9e08f8768075
Oboi Patrick Amuriat,009618e2-c320-4595-b3e9-f2f604794253
Oboi Patrick Amuriat,43d4d610-6783-4266-a146-d53c44c1fe7c
Obote Clement Keneth Ongalo,7e862a1f-931d-4f00-9aac-fb2c703bccfd
Obote Clement Keneth Ongalo,98146342-6016-4bc2-ac6f-29da32459852
Ocula Michael Nyeko,8da8b6c2-029b-4ac1-8591-af64f1b974cb
Odo Tayebwa,52d62b78-d952-441c-81a6-86c08b912a92
Odo Tayebwa,7405876b-730c-4566-8220-f6e3e5d0822b
Odwong Jane Akwero,976cc2b5-b719-41e5-b95c-db908afb60c5
Odwori Martin Wandera,6717c8e9-b803-4ff5-b291-52d75eca0281
Ofwono Apollo Yeri,02cbba66-bcd8-4302-b43f-ba6b9497a833
Ogong Felix Okot,52bcb9e4-45c9-4e4b-af7a-4189d39b61f1
Ogong Felix Okot,c880b8df-4596-4962-8872-94da5e52b635
Ogwal Benson Obua,2da5e37b-18ae-4930-9591-e8dbe9f74517
Ogwal Benson Obua,f835283c-0f64-405a-8c0a-1c67af451969
Ogwal Cecilia Barbara Atim,40177b13-fcef-4b8e-b7c1-6248d587dd05
Ogwal Cecilia Barbara Atim,ca5231da-0f73-413f-b2b0-374efc5f0a44
Ojara Okin,c5b6e7a5-529c-4981-8a1f-db51eb413a8b
Okello John Livingstone Okello,0026634c-b3e3-42b7-9cda-537e51442aca
Okin Ojara,c5b6e7a5-529c-4981-8a1f-db51eb413a8b
Okot Omodi,d5878616-98c4-4a2a-b9be-5f12fe73c5f0
Okullo Betty Akech,72755d8b-ffe0-4a39-867c-ea987017b979
Okuti Nasur Saidi,57b9c0b1-13ed-4e37-8455-a32f3e1ffbef
Okwenye Annet Nyakecho,0dfb1664-b17d-477d-add1-40a32e08f6d4
Okwenye Annet Nyakecho,ee5cc6c1-bd12-4909-9848-cf0dae2c8a8b
Oliver Katwesigye,c59e3500-6450-4065-acee-ae579bad508f
Oliver Katwesigye,c9e78d1d-db2f-468f-9faf-cddcc3e59ac1
Oliver Wonekha,43d8ff75-ef8e-459e-b2b8-197b4a338dba
Omach Fred Mandir Jacan,0b6bc5fd-e33a-418a-8759-c288259f012c
Omach Fred Mandir Jacan,0de8e76e-f582-4f17-b508-d418c128d56e
Omara Daniel Atubo,d8ee0eb3-5a87-4f01-893e-29a5795bfbb2
Omwony Florence Adong,fe1b8c37-8d49-47b6-b095-bceb68e7d478
Omwony Ojwok,67e9b495-3b80-4d00-a17c-5dded59d078f
Omwonya Oribdhogu Stanley,6cc57172-c32b-4aa7-8a5e-13ebaeac501e
Onesmus Twinamatsiko,3998e05d-45b8-4c78-9e92-ae22d754450f
Onyango Kakoba,986fbb36-77f7-482b-8030-15cf346462f4
Onyango Kakoba,afd47dc6-4a9e-4b71-bf59-e36694d26228
Oscar Omony,c75709af-cfab-43c9-a6ba-a5815bd5662c
Otaala Emmanuel Otiam,dc395a52-f8d7-4214-a156-04c77f93d480
Otafiire Kahinda,8fa4b646-b14c-41cb-8976-b5f7e9fa3d84
Otafiire Kahinda,eaeed4c6-d025-4e32-a7ad-11cab5d50243
Othman Haruna Alonga,07c42f73-a4c1-4f07-af13-5632105603f7
Otim Margaret Ateng,0db7df7a-5981-4cab-8c7c-e96da1e5fd7d
Otto Odonga,09842bc3-85e0-423e-b9ae-92ed7f0361e4
Otto Odonga,ccc318a3-2ffa-41f9-9b86-c367be8e529d
Oywelowo Fox Odoi,121e1883-feed-4309-aa07-81a50625e256
Oywelowo Fox Odoi,a73abd43-a329-4ebe-a418-5cb160513256
Pacutho Betty Udongo,66dc65f0-99ea-4075-b47a-034deb9f67d8
Pamela Nasiyo Kamugo,5b90cbb5-0d68-4aa8-81d5-1304da8be75c
Pascal Odoch,cc411caf-c98f-4431-920c-79a715681e98
Patrick Apuun,1c8028ad-d47b-4f8d-91b0-d4b8ce2bfeeb
Patrick Isiagi Opolot,afb86dfa-921f-47a7-9a52-670563c512b6
Patrick John Mwondha,8198f247-8f2d-4fd4-85db-156111a92a0d
Patrick K. Mabirizi Nsanja,486a64bc-ff4a-4ebf-8873-2d3d92a4e7a2
Patrick K. Mabirizi Nsanja,a9a68475-d670-47ff-9356-705523860fad
Patrick Kasumba,3c6aa42b-8b31-4f67-84c7-be81d649d0b4
Patrick Lodoi Mutono,769198c2-8620-4bdd-9573-96160ef04098
Patrick Lodoi Mutono,e2097183-9116-4636-adc1-812d5b1b9b9e
Patrick Mulindwa,04208ca5-03e7-4fd7-8a8b-4913252d70b8
Patrick Mulindwa,4c9a3fda-29ac-44e2-add1-0cdc2bdc7891
Patrick Nakabale,ae6fd67d-2961-4370-97a6-68bea1462bfe
Patrick Nakabale,b6ea75c9-29e9-4965-b339-f35cf6ac5a45
Patrick Nsamba Oshabe,3c061def-7116-4532-be58-d363cab04963
Patrick Okabe,dad2dad2-63d5-421f-955e-7e7cc1754024
Paul Akamba,56286bf5-8c8f-4d9b-be4e-06fa21fece6f
Paul Amoru,32f79571-5611-42a8-b231-7608bfacba0a
Paul Asaba Nsabimana,81ec378d-923c-4bc6-ad5d-876cf8730ea1
Paul Lutamaguzi Semakula,722475bc-bb36-4439-8d1c-1e36ab57fff3
Paul Musoke,3d72b1a4-2dca-4e4c-94fc-f5e2fa6317ae
Paul Mwiru,7997f55b-7c09-4812-bdd3-4b1d6d180b12
Paul Mwiru,79e30b3d-e210-45e4-b680-d236e587b39c
Paul Reuben Chelimo,9ff9340a-b4d4-4e6e-98b3-10ffe723cd26
Pauline Kemirembe Kyaka,e7d638bb-5945-4bd3-8e96-a3886364fe80
Peace Kanyesigye Mubiru Kusasira,7754c2df-1dd8-428a-af5a-09815114f138
Peace Kanyesigye Mubiru Kusasira,85b514f9-450e-4abe-b204-8ab56857d7db
Pentagon Innocent Kamusiime,5b1e4813-74a1-4dcb-a43c-019fe7266473
Persis Namuganza,79fdbc3b-8026-471e-adfa-33bcf2419d44
Peter Abrahams Lokii,bbe19358-e9b8-4efc-8982-25ed52009e3e
Peter Abrahams Lokii,f76297bf-01bb-4d55-86e2-733e21ddde73
Peter Claver Barnabas Mutuluuza,46988bf8-feb3-472f-a87e-e8cfa4af9117
Peter Emmanuel Eriaku,0a0d064d-a8db-4a1a-9998-d7afa6148857
Peter Emmanuel Eriaku,add22795-e333-49a6-a494-85604821aee7
Peter Kasenene,1fa703fc-5e2a-4548-887f-82277120cc84
Peter Lokeris,5da75bfc-b0ba-4e5b-b2cf-814c75a387ff
Peter Mugema,2447ecd7-83c5-48c0-9c3b-2688905e3295
Peter Mugema,b51729ea-150b-40d4-813d-79645dabf984
Peter Nyombi,50e14da4-683f-422c-ae88-229fa1acaed9
Peter Nyombi,c9501337-a730-473c-a016-4d8978787a53
Peter Ocen Akalo,9399c020-3c61-4721-b8ae-a63d1621d811
Peter Ogwang,4dc3ceba-2767-4d0c-9da4-1d522e3e612b
Peter Ogwang,fd6b56b9-5f6e-4f93-8fc4-d7c1d1187b8b
Peter Okeyoh,44d78c5d-f7d9-4a90-a509-bad6fd020850
Peter Okeyoh,8e31304c-3c9b-4da7-b8bb-7f4f1028d0e4
Peter Okot,fd60b10b-86e6-42fe-92b1-05690f561564
Peter Omolo,1865b138-ba11-4651-adf5-a6991efd730c
Peter Omolo,8db6bdb3-2882-4b74-bd97-1cacc206ec98
Peter Patrick Ochieng,7f14011e-7c52-4196-a852-ef3d9c9a5cae
Peter Sematimba,8e4f211d-1533-45c2-9b74-121434f9b521
Philip Mary Ntacyotugira,18b2a343-a243-4f6d-94a3-4e5b2a9e9d14
Phyllis Chemutai,89297a62-1c9f-4a8f-900c-175a259c227e
Phyllis Chemutai,a47a1449-25de-4c63-85e5-5a73b5641ab6
Pirir Samuel Abura,f148ad7b-36b4-495e-b5ba-1d4007f41467
Pius Mujuzi,5a6cd288-0f26-4740-bd14-bb2bd061b204
Pius Wakabi,58e1a057-f0d5-4925-98e0-23e50cae990c
Proscovia Oromait Alengot,51d19300-1403-471c-9003-4d83c6ec7f5f
Proscovia Oromait Alengot,721e98ae-b8b8-4104-82a6-5e01631eb4d7
Prossy Akampulira Mbabazi,df47a966-7afc-47c7-bd23-bd8b68142d03
Ramadhan Kyamulesire,d3b7c309-0a7e-468a-bd93-16d26500d0c5
Raphael Magyezi,57d86b3e-24da-44f4-857b-97798984e37b
Raphael Magyezi,d055198d-5f40-48fd-812d-349e4a92769e
Rebecca Amuge Otengo,9bccfac9-ef4e-4e8c-b051-06e77151c24a
Rebecca Balwana Nalwanga,82122cc8-d048-4931-9953-c232f1101f5f
Rebecca Kadaga,c91436c9-5990-4932-aa3e-b5e677f3037b
Rebecca Kadaga Alitwala,86d1ad5f-2a2a-4f6a-b7dc-ef8aa3eedd0c
Rebecca Kadaga Alitwala,c91436c9-5990-4932-aa3e-b5e677f3037b
Rebecca Otengo Amuge,9bccfac9-ef4e-4e8c-b051-06e77151c24a
Rebecca Otengo Amuge,d40dcf7e-a844-498c-bc8f-79a09b7e29a0
Rehema Watongola,3d5ac3b5-779a-4f11-87b6-307038db4aef
Remigio Achia,52e64244-8d52-4f4d-9a32-cf9c5ec40c1c
Remigio Achia,c9729da1-544d-4ea6-afe6-f3cfb37a2229
Rhoda Acen,e45b2c03-453f-4d36-adc1-91f22081ec88
Richard Gafabusa,948591a3-60c4-48a2-bb66-b6a2a8bcd9d4
Richard Mukula,7aa4956c-93c2-4e29-8283-b7164bcbb9b1
Richard Nduhuura,d9b64ff3-bfdc-4583-bcee-dc96cec32812
Richard Okoth Othieno,b4b97958-e7f0-468b-a2c1-7e2426d52274
Richard Oseku,b83c3883-d627-4e70-b4f4-d20bcfd439c4
Richard Todwong,6b42c95a-ba95-4836-9e50-95c0ef197ac8
Richard Todwong,8fd31b7f-504f-4c12-a772-56dcce715d88
Ringa Patrick Aloysius Okumu,c2cbef1a-db4d-4619-9f3b-1e5afd26f722
Robert Kashaija,61e0789f-e5d8-4889-959c-360e72f1451e
Robert Kasolo,d46020c0-17ef-46ab-a0d6-9a2ccb58f635
Robert Musoke,a8a700f9-585a-43f5-841d-f7f09c2f60b4
Robert Ndugwa Migadde,522233aa-30bf-4d1a-8c10-84177dfcda53
Robert Ndugwa Migadde,63e7b64f-bd5b-4808-8b78-64969ba55f7d
Robert Ntende,e4ce2336-f156-44c6-99c5-411df3017fe3
Robert Sebunya Kasule,37ace7af-f13a-41a7-b744-fa28c241d4ef
Robert Sebunya Kasule,91a8fa6a-1627-4298-984e-c94b8aa35f12
Robinah Nabbanja,49ceaed6-3777-464d-a40c-a4052639b580
Robinah Nabbanja,dd8e6aec-1172-42ed-ac75-bd4e00342e12
Robinah Rwakojo,191acbe0-2cef-4e70-83cb-381ec616886b
Rogers Matte,b45399a1-71d2-4083-8449-e709aa082455
Roland Mugume,97d6ac7a-17c7-4e5c-8f12-dd902c9d95c6
Roland Mugume,9c2e4f41-f3bc-44b3-98da-f6f26bde4707
Ronah Rita Ninsiima,9c5e6996-0df8-408b-8844-4f50829bad7e
Ronah Rita Ninsiima,c5efc711-206c-4879-98f7-8b5e85e3cfe4
Ronald Kibuule,b33facd7-2873-41f5-8fd5-80d45c65b357
Ronald Kibuule,fc52ca03-16bd-494a-9540-305074bc30cb
Ronald Reagan Okumu,0f9cbab3-3d35-4849-a2ae-40e94aca93a9
Ronald Reagan Okumu,22c53c7f-c930-43f4-b096-3c6392358409
Rose Atima Ayaka,e3b5a44c-bb6c-4c77-8850-ec3fe9dc5064
Rose Iriama,84fc460c-67ab-43f9-a3e8-52aaed37ea92
Rose Iriama,a65a2941-1ac5-4e49-89de-75c411dd5376
Rose Kabagyenyi,86822bfa-9be7-4566-83bd-7dfe607fdff4
Rose Lilly Akello,10cd4e34-7e97-4e45-a259-e1430eb947d4
Rose Lilly Akello,b4269f1e-53d1-4f92-90e5-0f6508ec2ece
Rose Masaba Mutonyi,91791858-320b-4807-b586-d0716c0f883a
Rose Masaba Mutonyi,d93a9dbc-72e5-4760-bb0f-71254c0b3f34
Rose Namayanja,b4ed990c-effb-47fa-85d2-4e3976a75724
Rose Nsereko Namayanja,9172ad44-3bf0-438f-9cb2-f3930d1c05b3
Rose Nsereko Namayanja,b4ed990c-effb-47fa-85d2-4e3976a75724
Rose Okullu Akol,208ed326-da5c-44f5-88a6-4482dd854482
Rose Okullu Akol,4651fcfa-9ed5-4641-a39b-673cb21768d2
Rosemary Muyinda Najjemba,9342bbcd-fc66-4770-8290-331e7b4ce6a8
Rosemary Muyinda Najjemba,bb196b73-d0c8-46d2-92f1-1e2aac0c2c7f
Rosemary Najjemba,9342bbcd-fc66-4770-8290-331e7b4ce6a8
Rosemary Nauwat,ee842fd7-47da-4e5e-83f1-37acd3b60c75
Rosemary Nauwat,f8ff9645-7569-45ab-833a-1e3a690c29c9
Rosemary Nyakikongoro,5e4cc83a-7c3b-4835-bede-6223f891d150
Rosemary Nyakikongoro,ee9cfac2-7206-422f-830a-5c5c833ac5f1
Rosemary Seninde,b24c7965-9e90-4c7c-874b-4144abf00b2b
Rosemary Tumusiime,3f82f96c-8231-4b5c-a116-ae87ca017818
Rosette Christine Kajungu,d026fdf1-e0b3-4b4c-99d6-9ea549601418
Rugunda Ruhakana,913244c8-1bde-49fb-9fb3-3830235cc49f
Rugunda Ruhakana,e011384f-4a11-40af-889d-249173d6998c
Ruhakana Rugunda,e011384f-4a11-40af-889d-249173d6998c
Ruhindi Hope Mwesigye,f1ef4253-840d-4943-a652-88d2520deb9e
Rukiya Chekamondo,8cdd9687-bbc3-472b-83b8-2360dbd090a0
Rukiya Kulany Chekamondo,8cdd9687-bbc3-472b-83b8-2360dbd090a0
Rukiya Kulany Chekamondo,ad93d896-6faa-4bd8-bf96-30ffe2a263b2
Rusoke Victoria Businge,138e3bc1-e126-4ccd-a321-648abfc84b19
Rusoke Victoria Businge,ae28b38b-3188-478a-b546-e855ac25a001
Rutamwebwa Mary Mugyenyi,6ed5c4c0-1bf4-45d9-8f94-0bb0e4a79378
Rutangye Nagudi Erinah Wangwa,9c969a91-50fd-4457-ac00-46c899cc40ed
Ruth Katushabe,9315c31c-90b6-4729-bd8d-425fae0e6d81
Ruth Molly Ondoru Lematia,04f04af1-e7ff-412b-b4b6-08d717f839be
Ruth Molly Ondoru Lematia,d6637032-e7b1-4dab-b3fb-f1edf06e47da
Ruth Nankabirwa,41116149-8d11-4673-95b3-6db1b6e03858
Ruth Sentamu Nankabirwa,41116149-8d11-4673-95b3-6db1b6e03858
Ruth Sentamu Nankabirwa,bd56da48-a69e-4f65-9eda-9fa079564c7d
Ruth Tuma,394e892f-4451-4eeb-b05f-fafd969b6026
Rwakaikara Tom Butime,93d29de8-f72f-4aca-8f66-d61ceb12e107
Rwakajara K. Arinaitwe,8a254cc7-bfd8-4424-8276-45080921f151
Rwakajara K. Arinaitwe,b689855b-edd4-482a-b45e-64adadb4129e
Rwebembera James Kiiza,aa7b9d7d-9291-4309-b5d1-c262f297e6c4
Rwebembera James Kiiza,f840820e-d492-40d8-849a-e957c2e8c5af
Sabano Pherry Kabanda,0e2c4e26-de91-466c-822f-8e6d386cd823
Safia Juuko Nalule,391f359e-1e45-4517-ae80-7d88b943d2c7
Safia Juuko Nalule,90e71b5d-edb3-4c26-9045-01cdd1fad6bc
Saida Bbumba,b2a7b78b-e0d4-4008-9bb0-18f0e91c7cfb
Saleh Kamba,27424f37-bf7f-4618-8c6c-b59975be930a
Saleh Moses Wilson Kamba,27424f37-bf7f-4618-8c6c-b59975be930a
Saleh Moses Wilson Kamba,ea9f8ed3-6755-48d5-a32d-b3a305ea7fbc
Sam Agatre Okuonzi,9e6b55e8-b5fe-4c3d-8017-4c55c39c3512
Sam Agatre Okuonzi,f69c72f0-2c47-4918-b830-11f5ed5c9a8b
Sam Bitangaro,be9884d0-1489-43ef-b7f0-ef3a9e1e5ea2
Sam Byibesho,90adbac5-c04b-4708-89a7-5143e354619f
Sam Cheptoris,1145ea03-1dcd-4300-8eb3-26452a62512c
Sam Engola,852b82b3-84a6-4025-be57-ac69591ea056
Sam Engola,d45de64b-da57-4f4e-ad22-7a9d30e778c5
Sam Kutesa,e12c07a3-5d37-47c0-aa36-25cc7688304e
Sam Otada,7d805d6a-37c9-4dd0-a695-a59018402e6d
Sam Owor Amooti Otada,7d805d6a-37c9-4dd0-a695-a59018402e6d
Sam Owor Amooti Otada,b23b884f-1489-48ee-9d6d-8700d2b6b7fb
Samali Dorothy Hyuha,a4e39753-a7e3-4196-9e42-cb731ae5749e
Samson Lokeris,615f32ae-d2f1-48ae-93d3-3144e79331cc
Samson Lokeris,edf488fe-a8a7-4606-8bda-678a2a204ab4
Samuel Anyolo,983b1ae9-36ba-48a0-a606-3e9344bd4031
Samuel Kalega Njuba,8e46f1ca-d97c-4adc-a902-6f0bba7b68c3
Samuel Kutesa,e12c07a3-5d37-47c0-aa36-25cc7688304e
Samuel Lyomoki,e667f90c-ac98-4983-a7fe-8b125ac944f9
Samuel Lyomoki,f149e08f-fff4-448f-bb21-d0f9cc164a47
Samuel Okwir,6a59bf9a-33c2-4276-94d1-3c7f98f5d847
Samuel Ssemugaba,04a7c2eb-b579-4d9a-88fa-ccacf32540cf
Samuel Ssemugaba,3f6f0cc4-7ffe-4b6f-8a14-becd173e5f25
Sanjay Tanna,393ef2d3-a68c-458e-9b99-4029eff373bb
Sanjay Tanna,7be6eac0-1471-4ba4-bebf-41a869f22fb8
Santa Ogwang Alum,0da7c788-83b1-4e46-b6b1-4d247148857d
Santa Ogwang Alum,8c84fc07-aa98-40bd-8631-d6fc2323b7bf
Santa Okot,c1a15e58-df1d-4cc6-a91b-3ec873457e57
Santos Eruaga Piro,297a007d-e807-484b-a043-8ae850deacae
Sarah Achieng Opendi,6d218bca-d825-4b4e-98f7-0299112504cf
Sarah Babirye Kityo,ccca6420-7095-4ebf-8bbc-b9398a721008
Sarah Kataike,97df74e9-6a13-4041-a93d-7929d93b3439
Sarah Mateke Nyirabashitsi,3d481757-a15c-46ec-a8fa-f93f89182448
Sarah Mateke Nyirabashitsi,eda9dc85-1c26-4e4a-9ee0-7609ac4617a7
Sarah Najjuma,5030be14-920c-43c8-930f-d655afd04b21
Sarah Nambozo Wekomba,b7539ab1-2217-4719-a7b1-9f6193f6b8d3
Sarah Ndoboli Kataike,6834b5cc-b58c-46d8-97a8-8088f12f92c7
Sarah Ndoboli Kataike,97df74e9-6a13-4041-a93d-7929d93b3439
Sarah Netalisire Kayagi,977ae5c1-220c-447e-8a70-1179bd9c433a
Sarah Netalisire Kayagi,ce9816c7-4e9c-4b7d-beb9-7050d81d25a2
Sarah Ochieng Lanyero,5133c759-5f0f-4590-b63f-c06cdc15ce11
Sarah Ochieng Lanyero,5f234f33-4479-4131-99f6-d77631df9bd4
Sarah Opendi Achieng,5bf7e4e2-2262-4245-9baa-0da83ff3bfee
Sarah Opendi Achieng,6d218bca-d825-4b4e-98f7-0299112504cf
Sarah Patience Mpabwa,85fe04be-a9b6-487e-9c2b-56a1b2e839df
Sarah Patience Mpabwa,d203b486-1eb4-4e6a-8b79-97241dfb757c
Sarah Temulanda Nakawunde,26223904-0b0c-4ae0-8986-341aece08729
Sarah Temulanda Nakawunde,faaee0ee-f8f0-410e-a4fa-3dd210a21aea
Sarah Wenene Mwebaza,66f62264-a224-45fc-960e-13f266cf5a23
Sarah Wenene Mwebaza,e6720111-384b-4088-96e7-abca18d26cdb
Sauda K. N Mugerwa,bcd83f4c-96c2-4963-ba48-45062f81ee97
Sebagereka Victoria Kakoko,8df6c59d-fcbc-43bc-a1a8-dd273effff58
Sebunya Israel Kibirige,b0f73c60-57d7-45a9-964c-e3133851a5db
Sebutulo Augustine Nshimye,9ddb245a-ab9c-4f25-951a-df59ad34c33b
Sekiziyivu Mary Margaret Nalugo,30ed736c-743d-46ab-bdc1-39c514ed2c88
Seninde Rosemary Nansubuga,b24c7965-9e90-4c7c-874b-4144abf00b2b
Seninde Rosemary Nansubuga,e520bd8c-8e4d-42d3-94c6-38a1004a5556
Serapio Rukundo,1c70e385-fc82-47de-aa08-e0b1cdb35f15
Sezi Mbaguta,a63da915-ed40-4d9b-a4eb-f09c5cc741f1
Sezi Prisca Bessy Mbaguta,449afba7-dc67-420a-8887-f3604a0119eb
Sezi Prisca Bessy Mbaguta,a63da915-ed40-4d9b-a4eb-f09c5cc741f1
Sheila Mwine,643beb59-d265-4746-b8af-f9b4cfda3992
Shem Bageine,81d4965d-bc42-499d-89a6-52840ac8bc8f
Shem Bajura Bageine,2ffea820-2aee-4a8c-92d1-7ac9c03dc661
Shem Bajura Bageine,81d4965d-bc42-499d-89a6-52840ac8bc8f
Shinyabulo-Mutende James,7a583585-48f6-4f3e-b6ba-c40fc49d16ed
Silas Aogon,8d7b1fe4-f7e3-4577-bc0a-bf79c084fde9
Simeo Nsubuga,637d0715-0022-4d37-b02d-8e5a7444f2d1
Simon Akecha Toolit,1034b2fb-9999-48b2-8883-7b9a23ba514c
Simon D'Ujanga,59ff23fa-3dac-40f9-885b-f19b2f025752
Simon Ejua,6b540bc0-fea5-4474-9269-4a5208be900e
Simon Lokodo,29194e45-fd0e-460e-bc59-a02d16e7dfc7
Simon Lokodo,bde79c70-efe1-4a33-8560-f712b41681c6
Simon Mayende,2c0c8677-15fd-4cbd-9ae7-87a2a9ed5f4c
Simon Mulongo,02943f3d-3f89-4beb-8433-547bc525e76f
Simon Mulongo,20a76e44-0179-40a5-809b-2ac6f0fd7e55
Simon Oyet,4349c4a1-c128-4d31-a3cf-b114c3e9ffa8
Simon Oyet,d0e65278-338a-40d6-a2b0-3eef501eaa22
Simon Peter Aleper,66d4d393-0210-442f-bc08-0fe0b15bafec
Simon Peter Aleper,ff966022-491c-406f-ac56-95142970c70b
Simon Peter Wonanzofu,4c53de4d-3fbd-446d-9719-45a7dd8a8c20
Simon Ross Euku,445a1e16-6800-491a-bc80-46f68e527369
Siryoyi Aggrey Awori,bbb8262b-4629-402c-b4aa-4b0b0f1fa0ee
Solomon Silwanyi,d04f183a-cf84-403c-be4e-37a0e2bbcf55
Speciosa Kazibwe Wandira,faa20a68-90f4-4f64-a7ce-6dc5f0091231
Spellanza Muhenda Baguma,0049fbb9-7309-4886-b2e1-1728ce3c6694
Ssekitoleko Robert Kafeero,1b4676c4-b7de-439b-9f36-3a649514797b
Ssekitoleko Robert Kafeero,3e13adc2-d07a-4bfc-879d-81273992161c
Ssempala Kigozi,11af8715-508b-4d45-9289-4e55e4d13da6
Ssengo Emmanuel Kalule,d05a6b73-160a-44f9-8e18-4ddbf8ab2ae2
Ssozi Jerome Kaddumukasa,144cc97d-6b85-4f0d-8509-bc6d1e8b3ba1
Ssozi Jerome Kaddumukasa,be2c7eee-d1f4-4aa0-bac2-281c27f368df
Stella Kizza,6e294671-6c8a-4dfb-9135-e52cc7633722
Stella Nyomera Namoe,6a214a8c-d27b-4b11-825d-9db6de614e13
Stella Nyomera Namoe,a124a320-1347-4d15-9b03-1031b3aced3b
Stephen Chebrot,63f36d9c-1b09-4f34-b25a-834f8486cc65
Stephen Chemoiko Chebrot,63f36d9c-1b09-4f34-b25a-834f8486cc65
Stephen Chemoiko Chebrot,7dc6b170-1843-41cb-8f69-16aa515f8db5
Stephen Dede Mayende,4c61e6c8-fe2e-4d70-919a-f2debb1bfdb1
Stephen Dede Mayende,940abf7e-8958-47e7-a8e4-246c9e9530d0
Stephen Kagwera Kasaija,6dec8317-86d8-43a9-b481-8ed807cf8a92
Stephen Kagwera Kasaija,db542736-96f3-46f2-babc-86d5b54cdac3
Stephen Kangwagye,5d234bf7-21a2-4502-9b74-95322b50f4e6
Stephen Kangwagye,849bf6ea-fedd-49fc-8c42-cb0043f8f3fd
Stephen Kisa Bakubalwayo,3e04e5e1-fc2e-4c1d-b033-29a3ec064ad2
Stephen Mugabi Baka,23a01a9c-ef90-4234-b604-ce79ba5d466e
Stephen Mugabi Baka,d84bcb37-93c7-474b-9cf2-d2b3c1b144f2
Stephen Ochola,1edd0863-3910-452d-89f5-7c8e0c647643
Stephen Ochola,772f7a17-b433-4302-812a-ad287c5aae67
Stephen Oscar Malinga,5947a0d5-f76a-4800-a59a-5fdac6a9dbe0
Steven Bamwanga,bb6a473e-53b9-49d0-8e65-fbd9441353d9
Steven Kaliba,63fcf46b-22d8-41fe-93a4-65f7ef28f9e3
Sulaiman Kirunda Balyejjusa,6b050917-de24-4a33-a8bd-b87412d52a24
Sulaiman Kirunda Balyejjusa,7c8f7a10-2d61-4962-a8d3-03d77ef30a98
Sulaiman Madada,9e7029a7-944b-4c37-ae6c-db7f22f5ba98
Susan Amero,4e4bc2d8-fe19-43e7-be9a-6ff5691091d4
Susan Amero,e79b7022-f63e-429b-ad3e-b287a9ec3453
Susan Lakot,5303941a-c210-4392-826b-f2bbfd775f9b
Susan Lakot,d5dbf36d-a918-4cd6-8548-69b39834a797
Susan Namaganda,63babd6d-9f32-45d8-bb4e-d223effa04de
Susan Namaganda,abc8a249-6c5d-42e1-ae9e-04769bf314f5
Suzan Matovu Nakawuki,68f55b89-9408-4847-8783-0b592afc5d72
Syda Bbumba,b2a7b78b-e0d4-4008-9bb0-18f0e91c7cfb
Syda M. Namirembe Bbumba,0c09f0dd-264e-4c17-b1cf-9fd24e22408d
Syda M. Namirembe Bbumba,ac97bad8-8165-4b62-85a8-845ca2e636f1
Sylivia Namabidde Ssinabulya,1a76b26f-29ed-449b-aea1-e419599294ee
Sylivia Namabidde Ssinabulya,65066bbb-1376-425a-840a-566fb860b979
Sylvia Akello,12ae6f49-c634-4bde-8722-405069415d50
Sylvia Nayebale,1b864cc7-d892-4363-ab85-be96b7fb3753
Sylvia Rwabwogo,55d580e6-1fda-45ba-a4fd-c649bd353f90
Taban Christopher Mbalibulha,eaceba7d-218d-46b5-b06b-b7ddeeee2f45
Tarsis Kabwegyere,e1d3130e-54e8-4312-a6ed-e2ee007d5fc2
Terence Naco Achia,865eef3b-aa3c-4d30-8d10-03e5ec2d1b50
Terence Naco Achia,cbda87f3-648d-4712-9435-7e959a540182
Tete Chelangat,966d47af-d7a8-4bf8-90c6-db85ef1575cc
Thembo George William Nyombi,5f72298d-00ed-4299-b10b-3fc67bd2a95b
Thembo George William Nyombi,86fa2137-f073-4193-b9f4-9c775e53f792
Thembo Nyombi,86fa2137-f073-4193-b9f4-9c775e53f792
Theodore Ssekikubo,2bd4786f-4502-4cb7-b5a2-fcab54653623
Theodore Ssekikubo,b5531d9b-6a57-42ad-8a51-5aac29b0dfe3
Theopista Ssentongo Nabulya,32e89006-499a-49d5-b6e2-2bafe03200a2
Theopista Ssentongo Nabulya,67038250-7856-4d7e-83c8-ddb19fd3c9fc
Thomas Tayebwa,738cff3b-1d64-4788-9421-2d36741dcb16
Timothy Mutekanga Lwanga,b57cd0ad-8539-409d-8217-215dde7c7035
Timothy Mutekanga Lwanga,d38a84fa-0295-4498-a46e-376fdff67b72
Tom Aza Alero,9b5171e5-366b-475b-82fe-cc3638315461
Tom Aza Alero,f41f4ccb-19fb-4d75-91c4-2aeadd8d4714
Tom Butime,64cc2315-5375-4bc5-826a-b1f71eb12ec2
Tom Kayongo,6e760451-9e29-470a-86c0-fd45a21eb45b
Tom Samson Bagalana,4bdad03d-7b1d-42c4-ad7a-613c228ab14e
Tonny Ayoo,9da30e45-f37e-4714-916d-4ce6b103d133
Tonny Ayoo,a78a8c4c-00d7-41e9-9a8c-4c982364c315
Tophace Byagira Kaahwa,65cfd10a-4413-4fa8-b27f-e40900805482
Tophace Byagira Kaahwa,cfac4cd6-66f2-44cf-b46f-50c50d574432
Tress Bucyanayandi,d15cbeb7-1905-4e84-9a0e-cde4733e440c
Tress Bucyanayandi,f0786e99-0f2d-47e0-8433-97a1cb9fcd9e
Tungwako. E Twarebireho,ddd03ee0-feaf-4842-ab3c-5f71129d929c
Unknown,25e66b8d-c882-4324-98bf-fa7545f46be5
Urban P.K Tibamanya,2b687b66-2f73-494a-b4e7-862e2c1a262d
Veronica Isala Eragu,30f24a0c-ce80-440a-8a1e-6aace3aa5473
Veronica Kadogo Babirye,82089e93-ef3b-477f-ae48-5f81a638a8d1
Veronica Kadogo Babirye,dd736a69-cd7f-4e56-acbc-04e24ba3f7ec
Veronica Namaganda Nanyondo,4a68af8c-c56c-41ed-b3af-7098791e5579
Vicent Kyamadidi Mujuni,2d3f2abb-9e37-40e4-be8d-c98eae2cf53d
Vicent Kyamadidi Mujuni,594b88c6-339a-41c9-902b-d81f8ab22572
Vicent Waboya,c1910d5a-2dfc-40d9-a7b0-06883c1331ad
Vincent Bamulangaki Ssempijja,50ab1847-6751-4d9b-a3f3-87b79f107d24
Vincent Bamulangaki Ssempijja,d72cade0-cf87-41b4-a932-807bd912010f
Vincent Makumbi Nyanzi,6af90a18-a332-4981-b357-0dfc4588a62c
Vincent Makumbi Nyanzi,9968380d-d96a-4a03-9e60-f1526ab01696
Vincent Nyanzi,6af90a18-a332-4981-b357-0dfc4588a62c
Vincent Ssempijja,d72cade0-cf87-41b4-a932-807bd912010f
Vincent Waiswa O. Bagiire,428c13c5-cb4d-48fc-80be-caffffe2a5c3
Vincent Waiswa O. Bagiire,e11534a9-6550-4752-b9a5-a0466ab5cf76
Vincent Woboya,c1910d5a-2dfc-40d9-a7b0-06883c1331ad
Violet Adome Akurut,0a67979c-fa51-411a-832a-61312a434334
Wabudeya Beatrice Mukaye,0467cd1f-1f0c-42f0-b7d7-544c54847bc8
Wabwire Omusolo Rose Munyira,8d43edf2-0706-441f-89d8-4d3ed0a88b78
Wafula Oguttu,67978785-d469-4645-952d-7d337b201d8b
Wafula Phillip Oguttu,67978785-d469-4645-952d-7d337b201d8b
Wafula Phillip Oguttu,d82a5c24-0995-461e-8bea-88e8f1628105
Wamai Jack Wamanga,59226747-3da3-40a7-9780-328fd1853f09
Wamai Jack Wamanga,a5205180-f641-446c-9bc6-c021aa07e4e2
Wamala Katumba,762aefff-ee1f-44b7-808d-2bb5318fb574
Wamala Katumba,dc0722ca-4883-412e-807b-683307925936
Wandendeya David Wakikona,8bdfb839-11a5-4162-9f89-cb207e4fafa6
Wandendeya David Wakikona,c28ea6e1-bbf7-4566-ba3a-48a7ba2ec4ac
Wasieba Sylvester Wanjusi,74e1dfed-ccb8-448a-a571-1df86acb7ed6
Werikhe Kafabusa,1399fa03-2a39-44fe-adfb-2e268162f14d
Werikhe Michael Kafabusa,1399fa03-2a39-44fe-adfb-2e268162f14d
Werikhe Michael Kafabusa,84807293-d1ca-496b-affa-255892b88367
Wesonga Edward Kamana,308e5590-96a7-405a-bddf-b4488fefa0a5
Wilberforce Yaguma,1b324f67-434c-4434-bc9d-131a2bcfac16
Wilberforce Yaguma,244779de-4eb5-48bc-a8b8-3ce2be22281a
Wilfred Kajeke,3f82537d-6dcf-4096-9bfb-2819fe2fbbf4
Wilfred Niwagaba,6ddaae9e-03c4-46b8-bdf4-017a8d193df5
Wilfred Niwagaba,93a1f5bc-749b-4eb5-8184-eb45b7d7b3ef
William Kiwagama,2be6afd6-0e90-4917-b8bc-1c76e0f005a1
William Nsubuga,669c9def-cb7d-4f20-a244-955254053eec
William Okecho,4540e281-d71e-449f-93d4-95609970a02e
William Sitenda-Sebalu,26df542c-4fef-4405-a8ac-1fe99a6c75d0
William Wilson Nokrach,09ed725b-e91c-4ed0-a58c-538aedabe487
William Wilson Nokrach,9a948a5e-e222-47d5-8c18-3b34e15c30e2
William Zinkuratire Beijuke,53b9657c-92ac-407b-aa6e-75464c2bf881
Willy Washington Anokbonggo,978abfac-1f95-48a3-98c6-67a53779ac2c
Wilson Muruuli Mukasa,06d11c72-2699-4e86-8a54-fc96843f5c31
Winfred Komuhangi Masiko,1685f88f-a498-4d9e-aa14-c380a946e240
Winifred Kiiza,9a8cbbed-bfa7-436c-ab0e-72ff4d8a4737
Winifred Kiiza,f3b29c66-1957-4e60-abe5-ee546ae4e8b5
Xavier Akampurira Kyooma,053883e6-a1c0-4b2d-bc1c-77cf42dcf4c8
Xavier Akampurira Kyooma,5cd21aba-66f0-4009-a097-7554d0bc5154
Yahaya Gudoi,41b8987c-ddad-45f8-a5aa-853b364eba5e
Yahaya Gudoi,80f4c7d8-8c1c-43d3-adbe-2d6ca59016d3
Yekko John Arapkissa,5b8ad8c8-3856-4c66-bcb8-0c3436f81e6b
Yeri Ofwono Apollo,87b4154e-ced2-46d2-b5a1-d92936071a1d
Yona Musinguzi,0123fa94-f40a-40d1-a360-b0d57441dae3
Yona Musinguzi,a380c3bf-189d-4b40-afb5-c26ecafff528
Yorke Odria Alioni,12550afb-c753-47f7-ba9e-14955b8bb3bc
Yorokamu Bategana Katwiremu,00d4c806-2ab7-45be-bf37-1ac8c553ad0b
Yorokamu Bategana Katwiremu,dd35f7e0-03d6-45d3-8bca-a7d373525b7a
Zaake Wanume Kibedi,9aa24c0b-4467-4f19-b2ba-7c968162c33a
Zachary Olum,5867f813-8d8d-45f0-b65a-f8449f78819e
Zaitun Driwaru,43c22bd7-dd6a-4768-99ed-8c6dc27195fe
Zerubabel Mijumbi Nyiira,44d1c4cd-a819-421d-b842-194aa65ae42d
Zerubabel Mijumbi Nyiira,4afb0e13-f03b-49a8-9901-8dc531198aae
Zerubabel Nyiira,4afb0e13-f03b-49a8-9901-8dc531198aae
Zirabamuzale Beatrice Menya Magoola,05db4932-9d69-49a3-bedb-977ea21a0ca2
Αμάμα Μπαμπάζι,8fa89819-6bec-438f-9b29-a4dbfcfb4e79
Ρουχακάνα Ρουγκούντα,e011384f-4a11-40af-889d-249173d6998c
Τζάνετ Μουσέβενι,600ed41f-be37-489a-a9e1-3b6abe43414f
Джанет Мусевейни,600ed41f-be37-489a-a9e1-3b6abe43414f
Илари Онек,1b0cc67e-4402-4041-afa1-ce21c5b3fcf8
"Мбабази, Амама",8fa89819-6bec-438f-9b29-a4dbfcfb4e79
Рухакана Ругунда,e011384f-4a11-40af-889d-249173d6998c
אמאמה מבאבאזי,8fa89819-6bec-438f-9b29-a4dbfcfb4e79
רבקה קדאגה,c91436c9-5990-4932-aa3e-b5e677f3037b
רוהאקנה רוגונדה,e011384f-4a11-40af-889d-249173d6998c
جانيت موسيفيني,600ed41f-be37-489a-a9e1-3b6abe43414f
سام كوتيسا,e12c07a3-5d37-47c0-aa36-25cc7688304e
هيلاري أونيك,1b0cc67e-4402-4041-afa1-ce21c5b3fcf8
ബെറ്റി അമോംഗി,c7d7bfd5-1b90-4d2c-955e-f1298aa39066
റെബേക്ക കഡഗ,c91436c9-5990-4932-aa3e-b5e677f3037b
アママ・ムババジ,8fa89819-6bec-438f-9b29-a4dbfcfb4e79
アリニ・ムロニ,137413eb-26f0-455c-afe6-060cfd1c46a3
カヒンダ・オタフィーレ,8fa4b646-b14c-41cb-8976-b5f7e9fa3d84
サム・クテサ,e12c07a3-5d37-47c0-aa36-25cc7688304e
ルハカナ・ルグンダ,e011384f-4a11-40af-889d-249173d6998c
卡图姆巴·瓦曼拉,762aefff-ee1f-44b7-808d-2bb5318fb574
卡圖姆巴·瓦曼拉,762aefff-ee1f-44b7-808d-2bb5318fb574
瑪麗·卡羅羅·歐古魯特,8f938c8c-5ed8-4d19-b024-210837e5b6c9
萨姆·库泰萨,e12c07a3-5d37-47c0-aa36-25cc7688304e
魯哈卡納·魯貢達,e011384f-4a11-40af-889d-249173d6998c
鲁哈卡纳·鲁贡达,e011384f-4a11-40af-889d-249173d6998c
